Z[mm]=15.2; Vgall[m/s]=20.0; Fs[Hz]=1000.0; v_hwa[m/s]
20.456929
20.551579
20.513090
20.719452
20.615346
20.514570
20.523448
20.411194
20.683717
20.414143
20.664378
20.765675
20.362588
20.507174
20.668840
20.817950
20.557505
20.380254
20.393510
20.645053
20.533809
20.479085
20.593086
20.564914
20.489430
20.393510
20.624255
20.462836
20.521968
20.628710
20.399403
20.740318
20.865825
20.548617
20.504216
20.484996
20.572325
20.701579
20.381726
20.508653
20.439217
21.126006
20.422990
20.479085
20.794041
20.514570
20.367004
20.919779
20.536770
20.484996
20.576773
20.372892
20.521968
20.409720
20.372892
20.496822
20.420041
20.613861
20.484996
20.560469
20.484996
20.606440
20.573808
20.661404
20.490908
20.496822
20.695624
20.462836
20.541212
20.473175
20.717962
20.527888
20.621285
20.567878
20.496822
20.755231
20.371420
20.692646
20.504216
20.624255
20.661404
20.384672
20.579738
20.643567
20.627225
20.578255
20.487952
20.897286
20.437741
20.548617
20.521968
20.612377
20.440692
20.527888
20.384672
20.455453
20.399403
20.532328
20.561950
20.408246
20.486474
20.362588
20.496822
20.658431
20.384672
20.405298
20.420041
20.530848
20.822435
20.417091
20.970825
20.576773
20.636138
20.372892
20.576773
20.615346
20.585670
20.591602
20.585670
20.587153
20.403824
20.670327
20.422990
20.527888
20.490908
20.415617
20.603472
20.476130
20.706046
20.468744
20.633166
20.575290
20.510132
20.487952
20.918279
20.578255
20.573808
20.554542
20.489430
20.484996
20.668840
20.686693
20.408246
20.495343
20.771644
20.490908
20.473175
20.633166
20.493865
20.539731
20.498301
20.414143
20.624255
20.511611
20.470221
20.609408
20.458406
20.551579
20.575290
20.752248
20.479085
20.461359
20.573808
20.425940
20.797029
20.519008
20.449548
20.661404
20.532328
20.671815
20.576773
20.541212
20.451024
20.664378
20.499779
20.550098
20.737336
20.425940
20.939286
20.601988
20.536770
20.532328
20.692646
20.553061
20.633166
20.477607
20.703068
20.642081
20.704557
20.474653
20.734355
20.670327
20.779108
20.523448
20.685205
20.679253
20.596053
20.954301
20.764183
20.556024
20.803005
20.677765
20.560469
20.544174
20.548617
20.671815
20.656944
20.526408
20.655457
20.747773
20.963313
20.717962
20.679253
20.897286
20.771644
20.682229
20.883799
20.719452
20.862831
20.850856
20.826920
20.853849
20.576773
21.736381
20.600504
20.618315
20.856843
20.578255
20.646539
20.544174
20.729883
20.628710
20.609408
20.689670
20.619800
20.761198
20.550098
20.731374
20.689670
20.590119
20.573808
20.768659
20.526408
20.774630
20.795535
20.625740
20.735845
20.728393
20.713493
20.759707
20.588636
20.627225
20.886795
20.676277
20.511611
20.734355
20.433315
20.621285
20.934783
20.624255
20.800016
20.788067
20.689670
20.758215
20.676277
20.659917
20.665865
20.779108
20.627225
20.682229
20.529368
20.662891
20.823930
20.499779
20.604956
20.455453
20.553061
20.508653
20.803005
20.619800
20.761198
20.643567
20.502737
20.604956
20.859837
20.686693
20.758215
21.017445
20.622770
20.805993
20.679253
20.634652
20.803005
20.801510
20.665865
20.943790
20.738827
20.710514
20.691158
21.201629
20.610893
20.706046
20.791054
20.714983
20.768659
20.550098
20.630196
20.656944
20.636138
20.507174
20.396456
20.707535
20.473175
20.637623
20.847863
20.922779
20.650998
20.599020
20.870318
20.735845
20.591602
20.643567
20.607924
20.865825
20.584187
20.680741
20.725412
20.689670
20.664378
20.639109
20.695624
20.701579
20.593086
20.616831
20.889792
20.853849
20.521968
20.880802
20.606440
20.933282
20.523448
20.862831
20.507174
20.789560
20.655457
20.728393
20.530848
20.855346
20.719452
20.934783
20.612377
20.670327
20.759707
20.689670
20.725412
20.628710
20.762691
20.664378
20.685205
20.633166
20.662891
20.625740
20.599020
20.548617
20.804499
20.585670
20.804499
20.838886
20.642081
20.560469
20.668840
20.587153
20.789560
20.477607
20.915279
20.396456
20.879304
20.838886
20.390563
20.819445
20.828416
20.428890
20.686693
20.879304
20.498301
20.679253
20.473175
20.729883
20.652484
20.581221
20.564914
20.707535
20.545655
20.776122
20.532328
20.750756
20.550098
20.653971
20.606440
20.508653
20.606440
20.610893
20.471698
20.665865
20.618315
20.649511
20.697112
20.585670
20.591602
20.585670
20.677765
20.619800
20.542693
20.765675
20.482040
20.458406
20.621285
20.642081
20.422990
20.627225
20.550098
20.714983
20.564914
20.782094
20.609408
20.582704
20.779108
20.514570
20.716472
20.556024
20.642081
20.511611
20.949795
20.573808
20.648025
20.570843
20.692646
20.700090
20.588636
20.648025
20.578255
20.563432
20.694135
20.480563
20.642081
20.707535
20.661404
20.465790
20.576773
20.837390
20.671815
20.464313
20.594569
20.507174
20.473175
20.535289
20.955802
20.455453
20.717962
20.550098
20.539731
20.505694
20.667353
20.601988
20.550098
20.840382
20.455453
20.489430
20.575290
20.411194
20.584187
20.538250
20.637623
20.604956
20.445120
20.795535
20.554542
20.402351
20.621285
20.455453
20.430365
20.465790
20.492387
20.511611
20.445120
20.480563
20.585670
20.484996
20.566396
20.630196
20.451024
20.556024
20.505694
20.489430
20.495343
20.633166
20.521968
20.434790
20.674790
20.582704
20.613861
20.554542
20.431840
20.624255
20.613861
20.587153
20.578255
20.452500
20.692646
20.412668
21.098828
20.490908
20.536770
20.524928
20.570843
20.581221
20.685205
20.561950
20.517529
20.659917
20.333170
20.753739
20.422990
20.744791
20.514570
20.516049
20.496822
20.720942
20.603472
20.479085
20.461359
20.674790
20.569361
20.473175
20.716472
20.610893
20.587153
20.622770
20.674790
20.541212
20.554542
20.703068
20.618315
20.527888
20.648025
20.588636
20.548617
20.918279
20.594569
20.455453
20.514570
20.539731
20.639109
20.694135
20.516049
20.452500
20.582704
20.405298
20.547136
20.573808
20.604956
20.613861
20.572325
20.560469
20.834398
20.474653
20.480563
20.619800
20.442168
20.567878
20.409720
20.609408
20.581221
20.412668
20.615346
20.688181
20.520488
20.400877
20.788067
20.496822
20.524928
20.704557
20.465790
20.630196
20.652484
20.554542
20.394983
20.591602
20.443644
20.367004
20.470221
20.272956
20.523448
20.424465
20.507174
20.594569
20.455453
20.412668
20.628710
20.470221
20.659917
20.659917
20.536770
20.582704
20.679253
20.584187
20.476130
20.630196
20.650998
20.579738
20.409720
20.692646
20.495343
20.590119
20.603472
20.524928
20.510132
20.573808
20.682229
20.677765
20.650998
20.446596
20.529368
20.566396
20.397930
20.648025
20.600504
20.428890
20.621285
20.624255
20.455453
20.538250
20.445120
20.575290
20.365532
20.658431
20.468744
20.714983
20.434790
20.434790
20.508653
20.504216
20.535289
20.433315
20.665865
20.627225
20.436266
20.603472
20.682229
20.380254
20.498301
20.544174
20.524928
20.645053
20.533809
20.453976
20.759707
20.511611
20.428890
20.816455
20.365532
20.563432
20.322881
20.514570
20.556024
20.891291
20.405298
20.386145
20.704557
20.371420
20.339051
20.682229
20.492387
20.495343
20.473175
20.412668
20.566396
20.510132
20.554542
20.541212
20.427414
20.569361
20.539731
20.392037
20.482040
20.650998
20.381726
20.487952
20.609408
20.492387
20.557505
20.557505
20.676277
20.479085
20.464313
20.538250
20.328760
20.558987
20.498301
20.389090
20.521968
20.544174
20.315533
20.960309
20.349346
20.563432
20.667353
20.482040
20.588636
20.505694
20.567878
20.508653
20.600504
20.645053
20.479085
20.554542
20.446596
20.556024
20.749265
20.476130
20.513090
20.716472
20.493865
20.650998
20.588636
20.496822
20.680741
20.446596
20.619800
20.408246
20.451024
20.636138
20.544174
20.421515
20.527888
20.479085
20.554542
20.387617
20.570843
20.504216
20.541212
20.674790
20.536770
20.569361
20.396456
20.870318
20.561950
20.431840
20.650998
20.487952
20.709025
20.397930
20.424465
20.624255
20.532328
20.547136
20.484996
20.448072
20.680741
20.409720
20.519008
20.458406
20.550098
20.642081
20.521968
20.532328
20.631681
20.464313
20.658431
20.679253
20.493865
20.615346
20.563432
20.615346
20.510132
20.569361
21.076199
20.511611
20.731374
20.604956
20.501258
20.516049
20.527888
20.581221
20.768659
20.462836
20.719452
20.664378
20.414143
20.527888
21.165306
20.493865
20.579738
20.797029
20.514570
20.484996
20.606440
20.582704
20.735845
20.464313
20.471698
20.643567
20.437741
20.600504
20.719452
20.496822
20.468744
20.633166
20.607924
20.513090
20.849359
20.437741
20.600504
20.650998
20.547136
20.584187
20.548617
20.455453
20.609408
20.542693
20.582704
20.688181
20.471698
20.591602
20.752248
20.483518
20.545655
20.557505
20.548617
20.530848
20.673302
20.545655
20.710514
20.553061
20.526408
20.573808
20.449548
20.539731
20.538250
20.462836
20.428890
20.449548
20.587153
20.553061
20.741809
20.511611
20.679253
20.470221
20.486474
20.582704
20.449548
20.843374
20.578255
20.399403
20.567878
20.567878
20.655457
20.566396
20.653971
20.581221
20.621285
20.600504
20.867323
20.603472
20.750756
20.975334
20.557505
20.873313
20.628710
20.625740
20.619800
20.585670
20.643567
20.604956
20.492387
20.590119
20.501258
20.679253
20.650998
20.408246
20.600504
20.507174
20.346404
20.725412
20.337581
20.445120
20.519008
20.594569
20.695624
20.514570
20.445120
20.468744
20.658431
20.479085
20.808982
20.526408
20.689670
20.433315
20.516049
20.685205
20.588636
20.786574
20.504216
20.606440
20.465790
20.615346
20.490908
20.650998
20.553061
20.639109
20.482040
20.773137
20.458406
20.550098
20.558987
20.707535
20.495343
20.694135
20.716472
20.554542
20.493865
20.473175
20.803005
20.405298
20.492387
20.490908
20.508653
20.704557
20.415617
20.572325
20.561950
20.476130
20.829911
20.578255
20.434790
20.584187
20.474653
20.637623
20.553061
20.456929
20.691158
20.486474
20.343463
20.461359
20.686693
20.600504
20.618315
20.624255
20.505694
20.585670
20.437741
20.520488
20.600504
20.393510
20.417091
20.510132
20.467266
20.439217
20.582704
20.384672
20.443644
20.445120
20.707535
20.464313
20.523448
20.725412
20.347875
20.499779
20.421515
20.445120
20.443644
20.498301
20.468744
20.368475
20.658431
20.456929
20.330230
20.479085
20.590119
20.417091
20.490908
20.484996
20.665865
20.296439
20.642081
20.437741
20.556024
20.575290
20.417091
20.513090
20.445120
20.479085
20.538250
20.680741
20.440692
20.570843
20.643567
20.375836
20.722432
20.826920
20.434790
20.692646
20.305250
20.535289
20.446596
20.530848
20.467266
20.476130
20.624255
20.723922
20.436266
20.548617
20.516049
20.673302
20.409720
20.468744
20.484996
20.430365
20.538250
20.520488
20.471698
20.461359
20.538250
20.489430
20.443644
20.433315
20.581221
20.701579
20.349346
20.453976
20.560469
20.439217
20.563432
20.590119
20.431840
20.487952
20.700090
20.606440
20.501258
20.731374
20.511611
20.701579
20.490908
20.794041
20.713493
20.459882
20.686693
20.505694
20.544174
20.364060
20.440692
20.461359
20.521968
20.510132
20.538250
20.421515
20.389090
20.556024
20.365532
20.446596
20.536770
20.709025
20.255357
20.364060
20.591602
20.443644
20.653971
20.712004
20.526408
20.582704
20.853849
20.521968
20.593086
20.465790
20.628710
20.788067
20.499779
20.653971
20.633166
20.752248
20.572325
20.770152
20.662891
20.606440
20.496822
20.544174
20.616831
20.561950
20.484996
20.437741
20.817950
20.520488
20.593086
20.563432
20.643567
20.529368
20.513090
20.609408
20.473175
20.513090
20.636138
20.470221
20.928780
20.637623
20.585670
20.499779
20.600504
20.670327
20.594569
20.587153
20.843374
20.487952
20.495343
20.773137
20.487952
20.668840
20.634652
20.567878
20.486474
20.761198
20.567878
20.434790
20.392037
20.744791
20.561950
20.698601
20.759707
20.487952
20.746282
20.477607
20.464313
20.639109
20.529368
20.622770
20.625740
20.689670
20.628710
20.550098
20.575290
20.779108
20.550098
20.703068
20.527888
20.547136
20.800016
20.482040
20.490908
20.749265
20.564914
20.516049
20.700090
20.452500
20.712004
20.596053
20.670327
20.601988
20.502737
20.554542
20.461359
20.477607
20.637623
20.619800
20.609408
20.655457
20.553061
20.616831
20.774630
20.455453
20.850856
20.584187
21.041535
20.375836
20.732864
20.621285
20.597537
20.604956
20.625740
20.508653
20.529368
20.631681
20.558987
20.462836
20.726902
20.507174
20.603472
20.511611
20.502737
20.679253
20.505694
20.482040
20.750756
20.439217
20.865825
20.461359
20.539731
20.452500
20.545655
20.516049
20.612377
20.415617
20.547136
20.557505
20.625740
20.487952
20.510132
20.452500
20.764183
20.527888
20.482040
20.455453
20.606440
20.487952
20.759707
20.519008
20.667353
20.541212
20.889792
20.535289
20.530848
20.474653
20.591602
20.569361
20.837390
20.662891
20.628710
20.529368
20.668840
20.613861
21.103356
20.550098
20.743300
20.498301
20.502737
20.777615
20.579738
20.553061
20.567878
20.650998
20.474653
20.674790
20.501258
20.417091
20.430365
20.600504
20.631681
20.358174
20.538250
20.646539
20.588636
20.530848
20.677765
20.558987
20.502737
20.789560
20.600504
20.688181
20.380254
21.122985
20.425940
20.800016
20.456929
20.817950
20.573808
20.459882
20.885297
20.603472
20.468744
20.482040
20.558987
20.573808
20.430365
20.613861
20.601988
20.792547
20.377309
20.530848
20.570843
20.680741
20.397930
20.985856
20.538250
20.594569
20.439217
20.712004
20.437741
20.837390
20.590119
20.305250
20.573808
20.470221
20.599020
20.529368
20.482040
20.567878
20.646539
20.853849
20.412668
20.520488
20.539731
20.428890
20.610893
20.637623
20.960309
20.344934
20.764183
20.599020
20.408246
20.566396
20.599020
20.453976
20.613861
20.655457
20.579738
20.572325
20.519008
20.606440
20.648025
20.470221
20.593086
20.649511
20.581221
20.619800
20.752248
20.668840
20.507174
20.514570
20.563432
20.685205
20.535289
20.725412
20.612377
20.431840
20.553061
20.648025
20.504216
20.707535
20.493865
20.484996
20.517529
20.437741
20.720942
20.443644
20.380254
20.414143
20.493865
20.477607
20.584187
20.619800
20.499779
20.535289
20.865825
20.483518
20.630196
20.642081
20.386145
20.642081
20.585670
20.689670
20.428890
20.505694
20.465790
20.716472
20.446596
20.573808
20.547136
20.701579
20.403824
20.427414
20.584187
20.622770
20.445120
20.584187
20.511611
20.569361
20.456929
20.456929
20.940787
20.402351
20.558987
20.459882
20.625740
20.533809
20.474653
20.496822
20.519008
20.579738
20.553061
20.459882
20.530848
20.389090
20.424465
20.380254
20.671815
20.520488
20.576773
20.564914
20.519008
20.496822
20.492387
20.403824
20.489430
20.511611
20.613861
20.486474
20.750756
20.364060
20.448072
20.668840
20.473175
20.554542
20.482040
20.443644
20.639109
20.418566
20.604956
20.609408
20.493865
20.436266
20.674790
20.445120
20.521968
20.480563
20.445120
20.590119
20.572325
20.612377
20.526408
20.642081
20.652484
20.604956
20.607924
20.408246
20.978340
20.387617
20.362588
20.650998
20.604956
20.676277
20.564914
20.547136
20.841878
20.496822
20.542693
20.981346
20.634652
20.408246
20.508653
20.566396
20.467266
20.314064
20.707535
20.553061
20.527888
20.350817
20.501258
20.464313
20.396456
20.622770
20.302313
20.535289
20.505694
20.527888
20.496822
20.556024
20.477607
20.381726
20.570843
20.487952
20.774630
20.856843
20.490908
20.484996
20.685205
20.785080
20.542693
20.508653
20.591602
20.894288
20.412668
20.489430
20.712004
20.321411
20.501258
20.554542
20.430365
20.455453
20.569361
20.322881
20.704557
20.402351
20.615346
20.594569
20.542693
20.508653
20.652484
20.554542
20.498301
20.747773
20.722432
20.575290
20.682229
20.695624
20.393510
20.832902
20.362588
20.405298
20.430365
20.484996
20.570843
20.476130
20.477607
21.113924
20.306719
20.670327
20.709025
20.451024
20.557505
20.451024
20.985856
20.676277
20.532328
20.588636
20.731374
20.336110
21.086757
20.587153
20.403824
20.501258
20.508653
20.585670
20.536770
20.849359
20.656944
20.673302
20.587153
20.782094
21.373244
20.735845
20.639109
20.652484
20.671815
20.603472
20.729883
20.661404
20.570843
20.563432
20.582704
20.706046
20.683717
20.572325
20.584187
20.707535
20.516049
20.785080
20.744791
20.352288
20.722432
20.439217
20.631681
20.464313
20.816455
20.957304
20.544174
20.527888
20.459882
20.846366
20.661404
20.479085
20.538250
20.713493
20.610893
20.613861
20.624255
20.591602
20.561950
20.652484
20.642081
20.570843
20.551579
20.719452
20.668840
20.709025
20.685205
20.550098
20.668840
20.451024
20.642081
20.474653
20.547136
20.539731
20.479085
20.640595
20.722432
20.603472
20.455453
20.545655
20.405298
20.749265
20.532328
20.729883
20.720942
20.539731
20.686693
20.770152
20.576773
20.741809
20.575290
20.843374
20.507174
20.573808
20.943790
20.601988
20.634652
20.615346
20.670327
20.811971
20.767167
20.493865
20.704557
20.713493
20.508653
20.527888
20.720942
20.773137
20.707535
20.636138
20.650998
20.679253
20.700090
20.526408
20.750756
20.891291
20.673302
20.545655
20.507174
20.639109
20.694135
20.645053
20.585670
20.557505
20.639109
20.495343
20.958806
20.795535
20.734355
20.668840
20.570843
20.694135
20.713493
20.618315
20.639109
20.604956
20.682229
20.579738
20.576773
20.677765
20.706046
20.425940
20.393510
20.776122
20.665865
20.461359
21.265300
20.427414
20.513090
20.579738
20.674790
20.645053
20.428890
20.560469
20.529368
20.575290
20.795535
20.516049
20.427414
20.755231
20.547136
20.714983
20.535289
20.600504
20.470221
20.639109
20.468744
20.753739
20.615346
20.590119
20.563432
20.591602
20.758215
20.514570
20.625740
20.430365
20.564914
20.437741
20.601988
20.656944
20.870318
20.560469
20.652484
20.558987
20.551579
20.471698
20.527888
20.539731
20.572325
20.563432
20.349346
20.698601
20.455453
20.558987
20.649511
20.670327
20.891291
20.604956
20.483518
20.933282
20.418566
20.482040
20.597537
20.607924
20.579738
20.524928
20.547136
20.486474
20.520488
20.564914
20.541212
20.560469
20.411194
20.431840
20.443644
21.043041
20.224584
20.544174
20.380254
20.642081
20.451024
20.524928
20.610893
20.467266
20.443644
20.639109
20.582704
20.679253
20.593086
20.561950
20.346404
20.957304
20.530848
20.533809
20.606440
20.822435
20.551579
20.607924
20.740318
20.621285
20.556024
20.566396
20.695624
20.386145
20.459882
20.576773
20.909280
20.489430
20.439217
20.558987
20.505694
20.707535
20.643567
20.490908
20.422990
20.615346
20.420041
21.194058
20.327290
20.645053
20.532328
20.679253
20.639109
20.613861
20.630196
20.601988
20.743300
20.508653
20.408246
20.606440
20.587153
20.612377
20.402351
20.685205
20.612377
20.523448
20.631681
20.538250
20.425940
20.430365
20.492387
20.604956
20.375836
20.516049
20.389090
20.396456
20.729883
20.397930
20.516049
20.449548
20.417091
20.516049
20.539731
20.489430
20.455453
20.633166
20.581221
20.495343
20.504216
20.489430
20.656944
20.529368
20.484996
20.584187
20.499779
20.561950
20.567878
20.694135
20.431840
20.470221
20.524928
21.376290
20.414143
20.459882
20.735845
20.619800
20.415617
20.521968
20.358174
20.374364
20.327290
20.585670
20.358174
20.535289
20.671815
20.517529
20.434790
20.616831
20.773137
20.560469
20.639109
20.716472
20.569361
20.499779
20.788067
20.517529
20.434790
20.618315
20.563432
20.680741
20.422990
20.661404
20.434790
20.749265
20.551579
20.502737
20.588636
20.458406
20.487952
20.628710
20.455453
20.513090
20.634652
20.530848
20.521968
20.507174
20.408246
20.508653
20.538250
20.507174
20.579738
20.556024
20.333170
20.761198
20.350817
20.710514
20.442168
20.591602
20.442168
20.656944
20.662891
20.445120
20.648025
20.479085
20.556024
20.499779
20.474653
20.723922
20.381726
20.633166
20.470221
20.694135
20.750756
20.317003
20.483518
20.639109
20.579738
20.694135
20.451024
20.369947
20.643567
20.452500
20.452500
20.566396
20.636138
20.709025
20.331700
20.588636
20.894288
20.325820
20.487952
20.517529
20.507174
20.461359
20.554542
20.452500
20.519008
20.529368
20.542693
20.600504
20.758215
20.665865
20.538250
20.785080
20.437741
20.610893
20.600504
20.521968
20.477607
20.664378
20.561950
20.440692
20.716472
20.417091
20.627225
20.505694
20.453976
20.439217
20.445120
20.570843
20.381726
20.650998
20.402351
20.667353
20.630196
20.456929
20.759707
20.428890
20.535289
20.487952
20.415617
20.656944
20.299376
20.925780
20.722432
20.467266
20.612377
20.667353
20.612377
20.615346
20.759707
20.446596
20.716472
20.476130
20.607924
20.533809
20.425940
20.560469
20.431840
20.585670
20.446596
20.544174
20.548617
20.452500
20.427414
20.591602
20.579738
20.773137
20.418566
20.390563
20.844870
20.403824
20.403824
20.987359
20.692646
20.621285
20.539731
20.514570
20.692646
20.689670
20.452500
21.043041
20.612377
20.483518
20.653971
20.780601
20.557505
20.677765
20.452500
20.779108
20.764183
20.480563
20.640595
20.600504
20.622770
20.414143
20.659917
20.498301
20.362588
20.674790
20.510132
20.621285
20.645053
20.412668
20.619800
20.600504
20.538250
20.714983
20.430365
20.405298
20.670327
20.465790
20.362588
20.627225
20.621285
20.471698
20.516049
20.680741
20.677765
20.517529
20.532328
20.495343
20.603472
20.439217
20.541212
20.645053
20.606440
20.464313
20.428890
20.417091
20.489430
20.523448
20.521968
20.484996
20.513090
20.707535
20.496822
20.634652
20.676277
20.582704
20.567878
20.616831
20.703068
20.579738
20.764183
20.296439
20.418566
20.707535
20.468744
20.610893
20.355231
20.882301
20.615346
20.610893
20.514570
20.636138
20.557505
20.771644
20.664378
20.523448
20.783587
20.523448
20.521968
20.445120
20.339051
20.976837
20.600504
20.539731
20.616831
20.599020
20.587153
20.697112
20.610893
20.610893
20.645053
20.578255
20.782094
20.569361
20.997886
20.578255
20.825425
20.372892
20.384672
20.664378
20.492387
20.588636
20.533809
20.697112
20.505694
20.621285
20.645053
20.876309
20.545655
20.468744
20.759707
20.530848
20.667353
20.759707
20.593086
20.594569
20.493865
20.584187
20.566396
20.542693
20.686693
20.417091
20.424465
20.458406
20.514570
20.558987
20.383199
20.661404
20.476130
20.797029
20.517529
20.381726
20.762691
20.523448
20.599020
20.575290
20.567878
20.624255
20.516049
20.606440
20.999390
20.535289
20.544174
20.640595
20.606440
20.490908
20.785080
20.550098
20.686693
20.789560
20.590119
20.619800
20.538250
20.455453
20.541212
20.683717
20.558987
20.533809
20.646539
20.621285
20.430365
20.716472
20.582704
20.773137
20.570843
20.480563
20.487952
20.462836
20.520488
20.507174
20.372892
20.443644
20.954301
20.424465
20.639109
20.490908
20.487952
20.795535
20.720942
20.520488
20.570843
20.479085
20.578255
20.539731
20.596053
20.458406
20.882301
20.476130
20.811971
20.517529
20.691158
20.482040
20.527888
20.510132
20.650998
20.630196
20.396456
20.576773
20.582704
20.677765
20.467266
20.670327
20.505694
20.671815
20.493865
20.427414
20.539731
20.679253
20.484996
20.572325
20.554542
20.597537
20.558987
20.517529
20.691158
20.630196
20.405298
20.536770
20.517529
20.682229
20.519008
20.411194
20.686693
20.551579
20.305250
20.625740
20.498301
20.328760
20.706046
20.375836
20.685205
20.296439
20.551579
20.369947
20.390563
20.521968
20.567878
20.470221
20.526408
20.529368
20.502737
20.898785
20.439217
20.631681
20.694135
20.436266
20.524928
20.585670
20.636138
20.551579
20.622770
20.422990
20.529368
20.408246
20.837390
20.483518
20.541212
20.591602
20.618315
20.550098
20.695624
20.477607
20.671815
20.427414
20.576773
20.630196
20.526408
20.615346
20.536770
20.603472
20.712004
20.585670
20.637623
20.456929
20.662891
20.532328
20.499779
20.551579
20.582704
20.529368
20.545655
20.729883
20.443644
20.803005
20.703068
20.372892
20.473175
20.819445
20.504216
20.604956
20.625740
20.673302
20.489430
20.665865
20.539731
20.689670
20.505694
20.665865
20.548617
20.465790
20.610893
20.508653
20.517529
20.656944
20.871815
20.587153
20.612377
20.420041
20.717962
20.456929
20.752248
20.556024
20.492387
20.510132
20.544174
20.697112
20.489430
20.558987
20.556024
20.581221
20.743300
20.526408
20.774630
20.640595
20.633166
20.529368
20.547136
20.817950
20.655457
20.682229
20.439217
20.588636
20.584187
20.556024
20.658431
20.850856
20.521968
20.753739
20.394983
20.452500
20.587153
20.453976
20.683717
20.380254
20.547136
20.411194
20.440692
20.631681
20.470221
20.480563
20.476130
20.618315
20.680741
20.499779
20.719452
20.520488
20.542693
20.695624
20.532328
20.573808
20.652484
20.630196
20.473175
20.504216
20.650998
20.458406
20.372892
20.496822
20.498301
20.496822
20.412668
21.288073
20.245095
20.683717
20.499779
20.604956
20.510132
20.689670
20.493865
20.533809
20.688181
20.985856
20.484996
20.445120
20.459882
20.487952
20.767167
20.505694
20.409720
20.486474
20.814960
20.406772
20.511611
20.879304
20.428890
20.553061
20.563432
20.499779
20.479085
20.569361
20.507174
20.542693
20.581221
20.756723
20.464313
20.516049
20.572325
20.612377
20.501258
20.642081
20.597537
20.557505
20.492387
20.619800
20.601988
20.275891
20.545655
20.569361
20.674790
20.400877
20.538250
20.470221
20.436266
20.471698
20.424465
20.803005
20.303782
20.538250
20.408246
20.343463
20.548617
20.550098
20.440692
20.780601
20.547136
20.575290
20.408246
20.615346
20.445120
20.697112
20.349346
20.554542
20.538250
20.725412
20.442168
20.649511
20.648025
20.403824
20.572325
20.422990
20.505694
20.547136
20.547136
20.579738
20.642081
20.381726
20.470221
20.653971
20.612377
20.550098
20.630196
20.677765
20.523448
20.700090
20.394983
20.502737
20.451024
20.539731
20.499779
20.564914
20.502737
20.683717
20.637623
20.659917
20.773137
20.622770
20.606440
20.449548
20.529368
20.578255
20.594569
20.544174
20.514570
20.761198
20.480563
20.719452
20.456929
20.482040
20.498301
20.536770
20.451024
20.389090
20.597537
20.538250
20.443644
20.640595
20.482040
20.492387
20.529368
20.430365
20.529368
20.648025
20.533809
20.414143
20.725412
20.403824
20.563432
20.458406
20.712004
20.400877
20.462836
22.546891
20.330230
20.689670
20.524928
20.527888
20.553061
20.504216
20.511611
20.680741
20.511611
20.943790
20.551579
20.750756
20.737336
20.661404
21.210716
20.538250
20.553061
20.396456
20.668840
20.400877
20.624255
20.648025
20.422990
20.656944
20.545655
20.468744
20.502737
20.498301
20.408246
20.659917
20.434790
20.521968
20.452500
20.499779
20.436266
20.656944
20.564914
20.618315
20.551579
20.550098
20.539731
20.514570
20.490908
20.439217
20.536770
20.394983
20.334640
20.820940
20.615346
20.516049
20.516049
20.642081
20.446596
20.607924
20.567878
20.640595
20.606440
20.393510
20.484996
20.459882
20.424465
20.560469
20.646539
20.394983
20.707535
20.399403
20.646539
20.713493
20.490908
20.451024
20.570843
20.346404
20.405298
20.817950
20.346404
20.578255
20.646539
20.501258
20.600504
20.633166
20.459882
20.511611
20.544174
20.501258
20.420041
20.588636
20.630196
20.424465
20.576773
20.505694
20.510132
20.630196
20.443644
20.596053
20.524928
20.433315
20.903282
20.569361
20.688181
20.474653
20.489430
20.532328
20.464313
20.650998
20.451024
20.483518
20.443644
20.392037
20.483518
20.308188
20.498301
20.523448
20.619800
20.440692
20.628710
20.458406
20.764183
20.610893
20.486474
20.477607
20.596053
20.599020
20.452500
20.519008
20.392037
20.710514
20.536770
20.467266
20.514570
20.726902
20.498301
20.642081
20.499779
20.547136
20.668840
20.643567
20.648025
20.587153
20.561950
20.544174
20.538250
20.619800
20.700090
20.456929
20.625740
20.496822
20.474653
20.529368
20.597537
20.406772
20.606440
20.486474
20.477607
20.557505
20.640595
20.433315
20.417091
20.716472
20.386145
20.640595
20.648025
20.508653
20.858340
20.636138
20.615346
20.479085
20.621285
20.520488
20.495343
20.415617
20.510132
20.386145
20.346404
20.704557
20.476130
20.493865
20.637623
20.519008
20.572325
20.471698
20.507174
20.683717
20.318472
20.350817
20.387617
20.578255
20.464313
20.384672
20.511611
20.319941
20.375836
20.975334
20.306719
20.656944
20.544174
20.523448
20.547136
20.508653
20.530848
20.508653
20.627225
21.026476
20.551579
20.554542
20.569361
20.868820
20.625740
20.616831
20.547136
20.987359
20.504216
20.467266
20.561950
20.564914
20.758215
20.624255
20.529368
20.502737
20.688181
20.676277
20.451024
20.697112
20.805993
20.579738
20.572325
20.585670
20.621285
20.646539
20.536770
20.791054
20.703068
20.631681
20.828416
20.582704
20.865825
20.631681
21.073183
20.695624
20.864328
20.795535
20.668840
20.985856
20.814960
21.053588
20.671815
20.712004
20.619800
20.752248
21.047561
20.795535
20.645053
20.676277
20.798522
20.541212
20.758215
21.006911
20.597537
20.601988
20.510132
20.682229
20.561950
20.939286
20.885297
20.578255
20.731374
20.653971
20.747773
20.713493
20.706046
20.801510
20.843374
20.659917
20.819445
20.779108
20.591602
20.755231
20.652484
20.706046
20.603472
20.761198
20.798522
20.691158
20.701579
20.750756
20.653971
20.934783
20.723922
20.628710
20.643567
20.415617
20.891291
20.427414
20.698601
20.346404
20.846366
20.725412
20.547136
20.652484
20.590119
20.673302
20.612377
20.637623
20.539731
20.756723
20.667353
20.550098
20.667353
20.838886
20.642081
20.576773
20.800016
20.674790
20.673302
20.665865
20.662891
20.637623
20.686693
20.539731
20.560469
20.758215
20.553061
20.526408
20.691158
20.564914
20.612377
20.823930
20.523448
20.524928
20.535289
20.621285
20.719452
20.695624
20.539731
20.627225
20.676277
20.993374
20.648025
20.783587
20.674790
20.714983
20.697112
20.633166
20.604956
20.643567
20.578255
20.477607
20.945291
20.490908
20.578255
20.722432
20.544174
20.458406
20.659917
20.664378
20.703068
20.703068
20.873313
20.714983
20.558987
20.731374
20.585670
20.513090
20.645053
20.743300
20.642081
20.886795
20.682229
20.433315
20.744791
20.431840
20.427414
20.501258
20.532328
20.612377
20.585670
20.630196
20.566396
20.524928
20.536770
20.650998
20.547136
20.532328
20.789560
20.434790
20.597537
20.596053
20.473175
20.585670
20.533809
20.607924
20.563432
20.576773
20.852352
20.425940
20.591602
20.556024
20.569361
20.458406
20.470221
20.596053
20.634652
20.464313
20.671815
20.749265
20.437741
20.538250
20.511611
20.477607
20.653971
20.467266
20.535289
20.530848
20.587153
20.612377
20.548617
20.686693
20.550098
20.579738
20.521968
20.588636
20.658431
20.701579
20.613861
20.646539
20.524928
20.692646
20.538250
20.591602
20.560469
20.520488
20.524928
20.442168
20.411194
20.439217
20.434790
20.529368
20.579738
20.659917
20.383199
20.655457
20.621285
20.538250
20.367004
20.591602
20.596053
20.547136
20.489430
20.535289
20.572325
20.599020
20.486474
20.570843
20.502737
20.599020
20.576773
20.495343
20.619800
20.564914
20.590119
20.440692
20.524928
20.567878
20.698601
20.572325
20.355231
20.344934
20.452500
20.458406
20.633166
20.443644
20.375836
20.396456
20.374364
20.671815
20.504216
20.510132
20.582704
20.371420
20.597537
20.643567
20.517529
20.615346
20.496822
20.849359
20.436266
21.064138
20.499779
20.716472
20.511611
20.409720
20.567878
20.359645
20.752248
20.548617
20.399403
20.437741
20.544174
20.625740
20.445120
20.421515
20.479085
20.616831
20.437741
20.659917
20.633166
20.673302
20.563432
20.585670
20.536770
20.545655
20.575290
20.392037
21.136581
20.449548
20.594569
20.599020
20.451024
20.535289
20.579738
20.553061
20.402351
20.636138
20.361117
20.628710
20.542693
20.544174
20.682229
20.490908
20.514570
20.673302
20.621285
20.533809
20.625740
20.741809
20.504216
20.440692
20.692646
20.346404
20.599020
20.508653
20.455453
20.637623
20.585670
20.507174
20.685205
20.352288
20.835894
20.417091
20.688181
20.556024
20.634652
20.464313
21.106375
20.579738
20.582704
20.414143
20.439217
20.643567
20.390563
20.795535
20.471698
20.553061
20.661404
20.453976
20.535289
20.717962
20.462836
20.919779
20.529368
20.557505
20.593086
20.440692
20.716472
20.665865
20.328760
20.852352
20.544174
20.653971
20.601988
20.496822
20.516049
20.545655
20.689670
20.627225
20.449548
20.455453
20.610893
20.451024
20.368475
20.668840
20.461359
20.567878
20.597537
20.514570
20.877806
20.499779
20.587153
20.440692
20.712004
20.673302
20.526408
20.386145
20.667353
20.484996
20.275891
20.414143
20.768659
20.375836
20.633166
20.507174
20.394983
20.551579
20.630196
20.446596
20.461359
20.634652
20.597537
20.440692
20.270022
21.095810
20.547136
20.554542
20.490908
20.566396
20.744791
20.430365
20.679253
20.564914
20.566396
20.496822
20.443644
20.740318
20.393510
20.865825
20.408246
20.484996
20.422990
20.622770
20.526408
20.406772
20.604956
20.383199
20.496822
20.489430
20.694135
20.759707
20.499779
20.856843
20.582704
20.408246
20.642081
20.688181
20.493865
20.411194
20.674790
20.521968
20.403824
20.668840
20.726902
20.610893
20.431840
20.556024
20.804499
20.375836
20.744791
20.591602
20.604956
20.553061
20.628710
20.652484
20.479085
20.676277
20.477607
20.616831
20.425940
20.650998
20.524928
20.492387
20.535289
20.510132
20.597537
20.558987
20.440692
20.361117
20.619800
20.569361
20.582704
20.480563
20.484996
20.480563
20.470221
20.627225
20.489430
20.728393
20.505694
20.420041
20.331700
20.685205
20.439217
20.507174
20.662891
20.396456
20.458406
20.556024
20.470221
20.771644
20.633166
20.625740
20.477607
20.622770
20.553061
20.477607
20.937785
20.529368
20.414143
20.551579
20.364060
20.843374
20.535289
20.446596
20.536770
20.516049
20.364060
20.761198
20.490908
20.449548
20.631681
20.489430
20.542693
20.659917
20.406772
20.573808
20.612377
20.440692
20.553061
20.728393
20.434790
20.588636
20.495343
20.615346
20.670327
20.834398
20.446596
20.443644
20.692646
20.324350
20.622770
20.853849
20.519008
20.446596
20.486474
20.468744
20.761198
20.538250
20.461359
20.618315
20.474653
20.889792
20.564914
20.468744
20.464313
20.372892
20.576773
20.467266
20.535289
20.479085
20.440692
20.622770
20.524928
20.643567
20.462836
20.547136
20.634652
20.566396
20.511611
20.573808
20.579738
20.579738
20.561950
20.631681
20.517529
20.694135
20.545655
20.649511
20.289099
20.714983
20.505694
20.520488
20.356702
20.538250
20.445120
20.533809
20.756723
20.471698
20.496822
20.347875
20.365532
20.477607
20.516049
20.436266
20.642081
20.452500
20.471698
20.569361
20.661404
20.774630
20.704557
20.493865
20.725412
20.888294
20.505694
20.593086
20.355231
20.579738
20.383199
20.484996
20.683717
20.557505
20.504216
20.685205
20.570843
20.453976
20.774630
20.520488
20.483518
20.584187
20.464313
20.628710
20.324350
20.486474
20.587153
20.631681
20.581221
20.569361
20.479085
20.670327
20.604956
20.601988
20.747773
20.375836
20.483518
20.473175
20.520488
20.504216
20.527888
20.517529
20.467266
20.433315
20.603472
20.461359
20.564914
20.493865
20.548617
20.505694
20.476130
20.640595
20.384672
20.487952
20.643567
20.529368
20.597537
20.590119
20.639109
20.496822
20.570843
20.599020
20.402351
20.541212
20.567878
20.467266
20.712004
20.425940
20.473175
20.535289
20.482040
20.424465
20.567878
20.341992
20.530848
20.428890
20.573808
20.564914
20.462836
20.610893
20.634652
20.691158
20.486474
20.508653
20.542693
20.446596
20.561950
20.443644
20.640595
20.347875
20.563432
20.476130
20.262689
20.541212
20.764183
20.428890
20.520488
20.361117
20.630196
20.928780
20.479085
20.838886
20.493865
20.484996
20.392037
20.350817
20.393510
20.268555
20.682229
20.347875
20.339051
20.779108
20.482040
20.523448
20.554542
20.440692
20.471698
20.582704
20.573808
20.453976
20.467266
20.566396
20.422990
20.694135
20.321411
20.542693
20.692646
20.431840
20.508653
20.451024
20.516049
20.386145
20.519008
20.262689
20.427414
20.392037
20.378781
20.468744
20.367004
20.786574
20.492387
20.405298
20.578255
20.397930
20.712004
20.474653
20.483518
20.561950
20.380254
20.381726
20.661404
20.384672
20.449548
20.440692
20.420041
20.412668
20.648025
20.400877
20.795535
20.456929
20.453976
20.521968
20.350817
20.502737
20.430365
20.548617
20.361117
20.664378
20.430365
20.610893
20.365532
20.680741
20.521968
20.374364
20.377309
20.648025
20.539731
20.686693
20.437741
20.464313
20.584187
20.585670
20.545655
20.470221
20.661404
20.371420
20.464313
20.408246
20.646539
20.486474
20.804499
20.482040
20.764183
20.456929
20.579738
20.542693
20.428890
20.411194
20.425940
20.482040
20.587153
20.591602
20.331700
20.695624
21.059616
20.564914
20.333170
20.723922
20.536770
20.628710
20.621285
20.353760
20.994878
20.453976
20.646539
20.451024
20.673302
20.607924
20.412668
20.399403
20.714983
20.411194
20.442168
20.645053
20.412668
20.646539
20.532328
20.446596
20.728393
20.519008
20.420041
20.572325
20.479085
20.566396
20.400877
20.482040
20.557505
20.484996
20.532328
20.468744
20.870318
20.408246
20.470221
20.558987
20.609408
20.517529
20.511611
20.679253
20.606440
20.585670
20.597537
20.529368
20.449548
20.600504
20.707535
20.862831
20.650998
20.561950
20.523448
20.409720
20.542693
20.505694
20.527888
20.697112
20.428890
20.633166
20.596053
20.526408
20.841878
20.448072
20.594569
20.558987
20.639109
20.582704
20.418566
20.601988
20.393510
20.621285
20.532328
20.828416
20.604956
20.618315
20.645053
20.542693
20.417091
20.680741
20.415617
20.840382
20.538250
20.545655
20.550098
20.674790
20.585670
20.493865
20.722432
20.389090
20.504216
20.755231
20.456929
20.716472
20.670327
20.502737
20.523448
20.464313
20.597537
20.414143
20.716472
20.585670
20.547136
20.633166
20.621285
20.636138
20.544174
20.593086
20.603472
20.642081
20.510132
20.582704
20.445120
20.823930
20.551579
21.129027
20.459882
20.636138
20.578255
20.490908
20.465790
20.480563
20.567878
20.569361
20.511611
20.572325
20.487952
20.706046
20.514570
20.601988
20.467266
20.527888
20.600504
20.791054
20.578255
20.473175
20.761198
20.578255
20.533809
20.484996
20.835894
20.380254
20.538250
20.558987
20.545655
20.448072
20.933282
20.492387
20.421515
20.393510
20.425940
20.618315
20.456929
20.740318
20.383199
20.403824
20.315533
20.636138
20.355231
20.496822
20.698601
20.464313
20.517529
20.452500
20.493865
20.458406
20.405298
20.424465
20.322881
20.439217
20.496822
20.556024
20.397930
20.521968
20.588636
20.691158
20.588636
20.535289
20.575290
20.482040
20.597537
20.516049
20.582704
20.425940
20.566396
20.422990
20.561950
20.656944
20.551579
20.676277
20.561950
20.575290
20.476130
20.731374
20.378781
20.526408
20.797029
20.384672
20.750756
20.425940
20.556024
20.601988
20.582704
20.709025
20.646539
20.424465
20.597537
20.547136
20.594569
20.579738
20.817950
20.480563
20.642081
20.418566
20.612377
20.643567
20.461359
20.390563
20.556024
20.633166
20.600504
20.618315
20.467266
20.448072
20.508653
20.665865
20.299376
20.786574
20.317003
20.563432
20.474653
20.532328
20.486474
20.498301
20.673302
20.453976
20.513090
20.553061
20.606440
20.340522
20.554542
20.801510
20.430365
20.474653
20.542693
20.480563
20.668840
20.331700
20.670327
20.394983
20.409720
20.417091
20.561950
20.691158
20.569361
20.364060
20.609408
20.425940
20.677765
20.609408
20.596053
20.600504
20.706046
20.570843
20.544174
20.709025
20.596053
20.639109
20.418566
20.650998
20.557505
20.607924
20.648025
20.487952
20.517529
20.536770
20.581221
20.523448
20.446596
20.502737
20.479085
20.634652
20.453976
20.627225
20.489430
20.625740
20.767167
20.622770
20.590119
20.551579
20.639109
20.719452
20.489430
20.521968
20.612377
20.437741
20.439217
20.560469
20.529368
20.587153
20.692646
20.575290
20.496822
20.771644
20.541212
20.737336
20.524928
20.649511
20.437741
20.570843
20.560469
20.591602
20.507174
20.619800
20.566396
20.689670
20.770152
20.461359
20.627225
20.557505
20.526408
20.603472
20.511611
20.544174
20.671815
20.536770
20.510132
20.538250
20.624255
20.717962
20.885297
20.530848
20.584187
20.467266
20.468744
20.732864
20.476130
20.707535
20.567878
20.579738
20.668840
20.575290
20.582704
20.734355
20.519008
20.498301
20.593086
20.573808
20.585670
20.797029
20.582704
20.820940
20.436266
20.464313
20.615346
20.674790
20.545655
20.639109
20.453976
20.779108
20.631681
20.601988
20.486474
20.585670
21.040029
20.502737
20.676277
20.625740
20.437741
20.664378
20.734355
20.446596
20.931782
20.542693
20.707535
20.685205
20.625740
20.618315
20.588636
20.694135
20.536770
20.443644
20.655457
20.462836
20.502737
20.547136
20.427414
20.535289
20.542693
20.405298
20.547136
20.535289
20.710514
20.646539
20.384672
20.521968
20.526408
20.473175
20.414143
21.047561
20.350817
20.700090
20.479085
20.529368
20.874811
20.514570
20.519008
20.440692
20.588636
20.482040
20.877806
20.649511
20.630196
20.516049
20.446596
20.780601
20.414143
20.505694
20.421515
20.619800
20.532328
20.352288
20.607924
20.671815
20.434790
20.470221
20.490908
20.399403
20.499779
20.582704
20.649511
20.422990
20.554542
20.464313
20.584187
20.443644
20.517529
20.505694
20.548617
20.449548
20.970825
20.532328
20.473175
20.516049
20.451024
20.520488
20.492387
20.464313
20.448072
20.527888
20.553061
20.594569
20.590119
20.344934
20.517529
20.768659
20.173368
20.489430
20.523448
20.484996
20.634652
20.470221
20.449548
20.406772
20.670327
20.411194
20.428890
20.508653
20.479085
20.712004
20.384672
20.308188
20.449548
20.507174
20.417091
20.556024
20.421515
20.487952
20.601988
20.392037
20.541212
20.530848
20.945291
20.334640
20.480563
20.442168
20.521968
20.350817
20.961811
20.723922
20.315533
20.604956
20.521968
20.601988
20.489430
20.473175
20.508653
20.616831
20.317003
20.677765
20.394983
20.508653
20.406772
20.671815
20.339051
20.563432
20.640595
20.449548
20.964815
20.471698
20.352288
20.870318
20.397930
20.573808
20.612377
20.455453
20.658431
20.474653
20.585670
20.573808
20.625740
20.569361
20.399403
20.791054
20.339051
20.446596
20.871815
20.390563
20.723922
20.479085
20.650998
20.554542
20.835894
20.378781
20.521968
20.502737
20.625740
20.744791
20.479085
20.610893
20.492387
20.616831
20.430365
20.584187
20.402351
20.535289
20.588636
20.406772
20.548617
20.508653
20.380254
20.636138
20.689670
20.414143
20.465790
20.563432
20.492387
20.557505
20.575290
20.510132
20.599020
20.621285
20.456929
20.397930
20.604956
20.610893
20.723922
20.390563
20.551579
20.566396
20.717962
20.365532
20.676277
20.415617
20.604956
20.505694
20.688181
20.293503
20.682229
20.536770
20.811971
20.448072
20.365532
20.710514
20.411194
20.631681
20.533809
20.607924
20.566396
20.714983
20.517529
20.550098
20.616831
20.467266
20.484996
20.803005
20.405298
20.461359
20.384672
20.585670
20.621285
20.667353
20.496822
20.352288
20.521968
20.445120
20.707535
20.513090
20.668840
20.527888
20.535289
20.759707
20.607924
20.408246
21.165306
20.299376
20.448072
20.770152
20.585670
20.511611
21.198600
20.462836
20.612377
20.637623
20.712004
20.800016
20.570843
20.610893
20.554542
20.514570
20.511611
20.493865
20.726902
20.414143
20.855346
20.630196
20.443644
20.504216
20.685205
20.740318
20.694135
20.587153
20.646539
20.474653
20.695624
20.676277
20.838886
20.496822
20.459882
20.648025
20.548617
20.656944
20.493865
20.498301
20.487952
20.582704
20.418566
20.686693
21.008416
20.371420
20.459882
20.448072
20.490908
20.498301
20.501258
20.513090
20.746282
20.455453
20.449548
20.686693
20.436266
20.601988
20.576773
20.814960
20.627225
20.492387
20.610893
20.581221
20.588636
20.575290
20.631681
20.717962
20.777615
20.615346
20.572325
20.498301
20.789560
20.412668
20.728393
20.547136
20.599020
20.685205
20.369947
20.406772
20.691158
20.479085
20.502737
20.653971
20.667353
20.333170
20.511611
20.347875
20.650998
20.587153
20.430365
20.737336
20.743300
20.630196
20.539731
20.581221
20.556024
20.325820
20.743300
20.545655
20.420041
20.507174
20.558987
20.489430
20.362588
20.539731
20.597537
20.900284
20.480563
20.554542
20.453976
20.489430
20.375836
20.365532
20.455453
20.334640
20.648025
20.440692
20.508653
20.879304
20.578255
20.673302
20.618315
20.502737
20.686693
20.355231
20.458406
20.352288
20.452500
20.372892
20.712004
20.558987
20.498301
20.618315
20.390563
20.541212
20.431840
20.383199
20.636138
20.308188
20.686693
20.387617
20.573808
20.561950
20.621285
20.722432
20.535289
20.529368
20.563432
20.774630
20.524928
20.523448
20.662891
20.532328
20.468744
20.532328
20.683717
20.439217
20.596053
20.406772
20.428890
20.581221
20.548617
20.732864
20.582704
20.427414
20.442168
20.418566
20.627225
20.292035
20.414143
20.456929
20.609408
20.294971
20.943790
20.328760
20.414143
20.639109
20.631681
20.569361
20.369947
20.514570
20.508653
20.440692
20.640595
20.639109
20.418566
20.633166
20.670327
20.465790
20.468744
20.550098
20.707535
20.462836
20.720942
20.532328
20.599020
20.519008
20.682229
20.569361
20.707535
20.464313
20.516049
20.695624
20.427414
20.722432
20.439217
20.575290
20.627225
20.581221
20.508653
20.680741
20.523448
20.719452
20.557505
20.539731
20.535289
20.801510
20.526408
20.655457
20.490908
20.487952
20.536770
20.685205
20.493865
20.456929
20.652484
20.519008
20.622770
20.496822
20.621285
20.482040
20.459882
20.442168
20.749265
20.314064
20.453976
20.764183
20.490908
20.561950
20.399403
20.496822
20.539731
20.474653
20.451024
20.464313
20.692646
20.550098
20.408246
20.533809
20.603472
20.505694
20.885297
20.633166
20.532328
20.452500
20.927280
20.516049
20.877806
20.584187
20.422990
20.679253
20.473175
20.502737
20.622770
20.402351
20.493865
20.597537
20.557505
20.618315
20.477607
20.628710
20.470221
20.648025
20.422990
20.566396
20.661404
20.604956
20.542693
20.557505
20.720942
20.572325
20.545655
20.532328
20.505694
20.420041
20.628710
20.425940
20.519008
20.749265
20.483518
20.296439
20.573808
20.409720
20.658431
20.414143
20.576773
20.725412
20.449548
20.513090
20.523448
20.628710
20.467266
20.732864
20.420041
20.510132
20.495343
20.427414
20.470221
20.599020
20.557505
20.422990
20.624255
20.680741
20.519008
20.650998
20.511611
20.703068
20.570843
20.609408
20.697112
20.628710
20.521968
20.695624
20.643567
20.680741
20.361117
20.576773
20.579738
20.680741
20.556024
20.554542
20.831407
20.446596
20.725412
20.679253
20.505694
20.607924
21.175895
20.541212
20.618315
20.377309
20.408246
20.483518
20.499779
20.579738
20.433315
20.536770
20.493865
20.516049
20.596053
20.520488
20.372892
20.823930
20.451024
20.646539
20.650998
20.470221
20.585670
20.590119
20.713493
20.532328
20.624255
20.542693
20.550098
20.607924
20.653971
20.584187
20.483518
20.667353
20.498301
20.700090
20.369947
20.618315
20.627225
20.855346
20.484996
20.459882
20.747773
20.433315
20.406772
20.735845
20.347875
20.600504
20.606440
20.516049
20.396456
20.640595
20.380254
20.526408
20.455453
20.707535
20.621285
20.508653
20.686693
20.498301
20.969323
20.484996
20.740318
20.564914
20.489430
20.421515
20.535289
20.676277
20.554542
20.459882
20.468744
20.437741
20.679253
20.545655
20.603472
20.458406
20.625740
20.502737
20.579738
20.561950
20.415617
20.519008
20.694135
20.628710
20.607924
20.427414
20.732864
20.364060
20.588636
20.369947
20.446596
20.840382
20.334640
20.636138
20.564914
20.573808
20.541212
20.575290
20.430365
20.600504
20.489430
20.758215
20.530848
20.442168
20.746282
20.499779
20.636138
20.569361
20.533809
20.557505
20.578255
20.594569
20.344934
20.516049
20.470221
20.680741
20.471698
20.325820
20.394983
20.579738
20.455453
20.393510
20.624255
20.380254
20.593086
20.622770
20.591602
20.668840
20.560469
20.567878
20.538250
20.539731
20.600504
20.402351
20.569361
20.625740
20.535289
20.467266
20.502737
20.418566
20.356702
20.482040
20.381726
20.431840
20.479085
20.414143
20.604956
20.364060
20.521968
20.618315
20.544174
20.482040
20.600504
20.532328
20.505694
20.440692
20.327290
20.465790
20.615346
20.374364
20.384672
20.464313
20.581221
20.403824
20.888294
20.561950
20.436266
20.527888
20.440692
20.486474
20.545655
20.322881
20.643567
20.630196
20.414143
20.318472
20.570843
20.538250
20.437741
20.412668
20.505694
20.446596
20.791054
20.317003
20.468744
20.484996
20.427414
20.639109
20.471698
20.308188
20.732864
20.464313
20.533809
20.492387
20.412668
20.551579
20.591602
20.434790
20.578255
20.610893
20.405298
20.365532
20.516049
20.461359
20.501258
20.519008
20.645053
20.296439
20.557505
20.390563
20.579738
20.452500
20.561950
20.487952
20.464313
20.513090
20.378781
21.842922
20.350817
20.539731
20.308188
20.569361
20.604956
20.350817
20.544174
20.440692
20.453976
20.396456
20.794041
20.421515
20.536770
20.358174
20.383199
20.544174
20.567878
20.490908
20.575290
20.461359
20.421515
20.575290
20.548617
20.628710
20.486474
20.414143
20.616831
20.433315
20.650998
20.578255
20.372892
20.579738
20.446596
20.691158
20.380254
20.726902
20.367004
20.489430
20.461359
20.631681
20.499779
20.486474
20.606440
20.588636
20.558987
20.581221
20.520488
20.609408
20.476130
20.609408
20.486474
20.396456
20.670327
20.434790
20.847863
20.361117
20.560469
20.424465
20.532328
20.581221
20.645053
20.290567
20.533809
20.504216
20.499779
20.375836
20.556024
20.486474
20.581221
20.456929
20.834398
20.538250
20.601988
20.501258
20.530848
20.680741
20.493865
20.725412
20.529368
20.835894
20.564914
20.505694
20.511611
21.222838
20.424465
20.563432
20.427414
20.409720
20.656944
20.671815
20.403824
20.417091
20.567878
20.749265
20.495343
20.470221
20.406772
20.471698
20.722432
20.431840
20.615346
20.433315
20.738827
20.411194
20.470221
20.365532
20.530848
20.502737
20.265622
20.671815
20.659917
20.519008
20.471698
20.581221
20.465790
20.440692
20.486474
20.511611
20.430365
20.527888
20.456929
20.483518
20.637623
20.585670
20.560469
20.600504
20.535289
20.613861
20.653971
20.486474
20.495343
20.738827
20.399403
20.554542
20.723922
20.464313
20.499779
20.597537
20.765675
20.400877
20.564914
20.517529
20.679253
20.352288
20.720942
20.731374
20.550098
20.569361
20.526408
20.409720
20.603472
20.536770
20.665865
20.729883
20.428890
20.650998
20.470221
20.627225
20.449548
20.628710
20.619800
20.603472
20.504216
20.585670
20.476130
20.767167
20.570843
20.621285
20.575290
20.507174
20.673302
20.536770
20.347875
21.694791
20.234838
20.564914
20.486474
20.464313
20.451024
20.581221
20.511611
20.477607
20.527888
20.579738
20.511611
20.619800
20.548617
20.862831
20.639109
20.903282
20.695624
20.639109
20.563432
20.436266
20.744791
20.610893
20.508653
20.749265
20.639109
20.563432
20.892790
20.544174
20.933282
20.464313
20.928780
20.631681
20.619800
20.650998
20.700090
20.737336
20.473175
20.594569
20.570843
20.520488
20.344934
20.390563
20.501258
20.753739
20.596053
20.913779
20.443644
20.514570
20.936284
20.572325
20.526408
20.610893
20.530848
20.434790
20.554542
20.744791
20.695624
20.606440
20.493865
20.755231
20.584187
20.661404
20.541212
20.622770
20.783587
20.493865
20.621285
20.659917
20.572325
20.502737
20.554542
20.434790
20.582704
20.622770
20.544174
20.610893
20.322881
20.618315
20.427414
20.507174
20.627225
20.436266
20.381726
20.492387
20.527888
20.538250
20.585670
20.492387
20.442168
20.817950
20.521968
20.402351
20.591602
20.573808
20.600504
20.548617
20.551579
20.446596
20.645053
20.371420
20.683717
20.533809
20.473175
20.541212
20.610893
20.566396
20.446596
20.615346
20.553061
20.640595
20.461359
20.747773
20.377309
20.659917
20.328760
20.631681
20.498301
20.536770
20.554542
20.662891
20.674790
20.542693
20.535289
20.510132
20.502737
20.831407
20.422990
20.788067
20.409720
20.771644
20.411194
20.535289
20.650998
20.461359
20.628710
20.359645
