Z[mm]=10.0; Vgall[m/s]=20.0; Fs[Hz]=1000.0; v_hwa[m/s]
20.673379
20.661449
20.646543
20.618242
20.572126
20.594431
20.595918
20.600382
20.603357
20.637602
20.575099
20.558751
20.656976
20.645052
20.662940
20.712187
20.688299
20.661449
20.645052
20.625687
20.585507
20.613776
20.582532
20.609310
20.662940
20.637602
20.628665
20.570639
20.662940
20.633133
20.636113
20.618242
20.584019
20.589968
20.607822
20.636113
20.613776
20.567667
20.613776
20.604846
20.554294
20.534988
20.585507
20.576585
20.530535
20.582532
20.552808
20.561722
20.545382
20.557265
20.563208
20.598894
20.597406
20.603357
20.589968
20.542412
20.526082
20.534988
20.589968
20.613776
20.570639
20.549837
20.582532
20.628665
20.600382
20.589968
20.594431
20.579559
20.630154
20.649523
20.688299
20.695762
20.652504
20.664431
20.667413
20.639092
20.668905
20.552808
20.570639
20.546867
20.546867
20.543897
20.524598
20.560236
20.570639
20.578072
20.572126
20.613776
20.625687
20.639092
20.621219
20.640582
20.624197
20.610799
20.628665
20.640582
20.649523
20.633133
20.648033
20.601869
20.615264
20.582532
20.646543
20.658467
20.598894
20.630154
20.622708
20.628665
20.631644
20.566180
20.616753
20.595918
20.573612
20.592943
20.607822
20.624197
20.532019
20.578072
20.592943
20.610799
20.578072
20.579559
20.622708
20.652504
20.622708
20.621219
20.653995
20.627176
20.624197
20.656976
20.653995
20.685315
20.691284
20.692777
20.661449
20.686807
20.676363
20.680838
20.642072
20.710693
20.639092
20.643562
20.630154
20.603357
20.607822
20.600382
20.588481
20.603357
20.575099
20.643562
20.591456
20.677854
20.594431
20.639092
20.584019
20.561722
20.643562
20.661449
20.640582
20.624197
20.616753
20.683822
20.612287
20.607822
20.682330
20.671888
20.640582
20.618242
20.636113
20.589968
20.628665
20.607822
20.589968
20.636113
20.664431
20.670396
20.658467
20.685315
20.763013
20.707706
20.736094
20.651014
20.648033
20.634623
20.581046
20.554294
20.542412
20.563208
20.515696
20.539442
20.586994
20.561722
20.586994
20.566180
20.656976
20.683822
20.630154
20.633133
20.664431
20.633133
20.673379
20.683822
20.706213
20.691284
20.612287
20.618242
20.649523
20.633133
20.613776
20.625687
20.612287
20.607822
20.645052
20.686807
20.671888
20.691284
20.721150
20.682330
20.697255
20.689792
20.670396
20.671888
20.661449
20.685315
20.664431
20.694269
20.689792
20.688299
20.709200
20.664431
20.677854
20.655485
20.689792
20.646543
20.689792
20.710693
20.740579
20.692777
20.637602
20.685315
20.653995
20.652504
20.622708
20.634623
20.661449
20.680838
20.627176
20.600382
20.680838
20.615264
20.570639
20.588481
20.570639
20.639092
20.637602
20.606334
20.572126
20.591456
20.649523
20.612287
20.589968
20.621219
20.668905
20.651014
20.630154
20.701734
20.718162
20.745065
20.715174
20.673379
20.652504
20.616753
20.610799
20.636113
20.691284
20.688299
20.656976
20.601869
20.609310
20.612287
20.581046
20.572126
20.603357
20.585507
20.598894
20.613776
20.578072
20.566180
20.607822
20.554294
20.576585
20.597406
20.595918
20.529051
20.480112
20.441613
20.468261
20.490486
20.514212
20.597406
20.598894
20.612287
20.677854
20.591456
20.606334
20.668905
20.624197
20.554294
20.560236
20.489004
20.588481
20.667413
20.606334
20.619730
20.627176
20.685315
20.662940
20.634623
20.619730
20.584019
20.652504
20.655485
20.627176
20.606334
20.643562
20.645052
20.604846
20.600382
20.575099
20.586994
20.627176
20.584019
20.592943
20.637602
20.612287
20.606334
20.637602
20.589968
20.497899
20.524598
20.517179
20.585507
20.618242
20.649523
20.655485
20.628665
20.648033
20.615264
20.631644
20.573612
20.578072
20.595918
20.598894
20.621219
20.581046
20.598894
20.639092
20.637602
20.567667
20.548352
20.503830
20.475667
20.414990
20.412033
20.466780
20.459376
20.521631
20.569153
20.619730
20.601869
20.622708
20.579559
20.636113
20.625687
20.588481
20.588481
20.610799
20.536473
20.537958
20.537958
20.584019
20.600382
20.603357
20.600382
20.585507
20.604846
20.600382
20.573612
20.548352
20.597406
20.536473
20.551323
20.505313
20.539442
20.540927
20.545382
20.567667
20.606334
20.604846
20.628665
20.589968
20.578072
20.545382
20.591456
20.628665
20.616753
20.661449
20.597406
20.630154
20.627176
20.586994
20.543897
20.536473
20.472705
20.425340
20.462337
20.454934
20.521631
20.576585
20.584019
20.615264
20.630154
20.658467
20.692777
20.664431
20.652504
20.581046
20.609310
20.542412
20.561722
20.570639
20.579559
20.533504
20.509762
20.545382
20.543897
20.586994
20.567667
20.585507
20.600382
20.707706
20.722644
20.721150
20.694269
20.668905
20.636113
20.625687
20.682330
20.588481
20.673379
20.707706
20.721150
20.739084
20.754038
20.783967
20.755533
20.812429
20.739084
20.682330
20.649523
20.566180
20.607822
20.624197
20.636113
20.618242
20.677854
20.640582
20.682330
20.703227
20.713681
20.673379
20.742074
20.739084
20.788460
20.670396
20.712187
20.639092
20.578072
20.551323
20.584019
20.548352
20.613776
20.653995
20.733105
20.715174
20.685315
20.627176
20.592943
20.652504
20.643562
20.597406
20.645052
20.691284
20.695762
20.673379
20.658467
20.674871
20.648033
20.691284
20.716668
20.670396
20.653995
20.682330
20.639092
20.670396
20.634623
20.642072
20.609310
20.595918
20.665922
20.619730
20.557265
20.592943
20.575099
20.572126
20.582532
20.578072
20.661449
20.618242
20.589968
20.563208
20.585507
20.610799
20.622708
20.633133
20.618242
20.685315
20.676363
20.706213
20.701734
20.677854
20.664431
20.670396
20.656976
20.622708
20.685315
20.674871
20.679346
20.674871
20.643562
20.631644
20.668905
20.627176
20.661449
20.673379
20.643562
20.691284
20.651014
20.643562
20.671888
20.653995
20.683822
20.721150
20.646543
20.595918
20.601869
20.606334
20.642072
20.594431
20.618242
20.640582
20.643562
20.634623
20.621219
20.682330
20.651014
20.630154
20.701734
20.719656
20.670396
20.697255
20.691284
20.648033
20.628665
20.671888
20.676363
20.697255
20.640582
20.655485
20.668905
20.651014
20.651014
20.673379
20.649523
20.591456
20.558751
20.523114
20.667413
20.625687
20.667413
20.682330
20.667413
20.576585
20.604846
20.661449
20.712187
20.649523
20.658467
20.619730
20.578072
20.523114
20.499381
20.600382
20.634623
20.579559
20.578072
20.606334
20.659958
20.607822
20.543897
20.572126
20.649523
20.649523
20.610799
20.680838
20.624197
20.573612
20.598894
20.465299
20.575099
20.588481
20.656976
20.594431
20.742074
20.724138
20.677854
20.636113
20.633133
20.546867
20.542412
20.591456
20.604846
20.624197
20.633133
20.612287
20.578072
20.584019
20.554294
20.564694
20.520147
20.529051
20.578072
20.612287
20.659958
20.652504
20.665922
20.625687
20.576585
20.604846
20.637602
20.478631
20.551323
20.521631
20.604846
20.618242
20.551323
20.537958
20.496416
20.581046
20.600382
20.598894
20.610799
20.639092
20.612287
20.631644
20.609310
20.640582
20.692777
20.642072
20.636113
20.619730
20.653995
20.721150
20.754038
20.749551
20.664431
20.736094
20.718162
20.749551
20.694269
20.703227
20.689792
20.713681
20.689792
20.662940
20.697255
20.658467
20.698748
20.700241
20.642072
20.665922
20.673379
20.685315
20.733105
20.751046
20.633133
20.597406
20.600382
20.603357
20.646543
20.625687
20.631644
20.680838
20.689792
20.653995
20.640582
20.639092
20.653995
20.621219
20.621219
20.592943
20.610799
20.548352
20.575099
20.648033
20.604846
20.630154
20.628665
20.664431
20.616753
20.589968
20.615264
20.643562
20.604846
20.631644
20.621219
20.659958
20.603357
20.682330
20.592943
20.615264
20.555779
20.640582
20.557265
20.630154
20.589968
20.598894
20.627176
20.671888
20.642072
20.646543
20.633133
20.622708
20.619730
20.606334
20.642072
20.595918
20.680838
20.600382
20.633133
20.656976
20.648033
20.594431
20.575099
20.639092
20.659958
20.613776
20.621219
20.668905
20.627176
20.601869
20.689792
20.656976
20.615264
20.677854
20.655485
20.640582
20.633133
20.724138
20.671888
20.683822
20.682330
20.665922
20.674871
20.703227
20.742074
20.737589
20.682330
20.652504
20.645052
20.707706
20.616753
20.595918
20.613776
20.603357
20.665922
20.645052
20.633133
20.646543
20.670396
20.634623
20.621219
20.668905
20.598894
20.631644
20.674871
20.695762
20.612287
20.698748
20.694269
20.712187
20.642072
20.745065
20.760021
20.724138
20.724138
20.652504
20.578072
20.673379
20.716668
20.653995
20.676363
20.665922
20.674871
20.710693
20.680838
20.691284
20.622708
20.637602
20.673379
20.645052
20.664431
20.615264
20.637602
20.665922
20.630154
20.609310
20.653995
20.640582
20.572126
20.581046
20.566180
20.601869
20.618242
20.569153
20.584019
20.607822
20.594431
20.648033
20.630154
20.613776
20.637602
20.612287
20.592943
20.615264
20.649523
20.645052
20.621219
20.680838
20.610799
20.615264
20.624197
20.609310
20.630154
20.639092
20.682330
20.652504
20.667413
20.665922
20.655485
20.656976
20.667413
20.595918
20.545382
20.594431
20.566180
20.530535
20.625687
20.665922
20.662940
20.680838
20.606334
20.651014
20.627176
20.628665
20.607822
20.633133
20.621219
20.637602
20.667413
20.651014
20.630154
20.628665
20.564694
20.631644
20.616753
20.581046
20.619730
20.622708
20.597406
20.685315
20.615264
20.586994
20.586994
20.567667
20.579559
20.548352
20.536473
20.555779
20.523114
20.572126
20.575099
20.664431
20.646543
20.653995
20.725632
20.661449
20.619730
20.595918
20.604846
20.566180
20.534988
20.520147
20.576585
20.633133
20.689792
20.680838
20.709200
20.724138
20.677854
20.658467
20.645052
20.584019
20.601869
20.643562
20.636113
20.566180
20.618242
20.603357
20.715174
20.622708
20.610799
20.633133
20.597406
20.622708
20.627176
20.592943
20.582532
20.520147
20.554294
20.600382
20.607822
20.543897
20.585507
20.563208
20.586994
20.595918
20.633133
20.664431
20.680838
20.634623
20.555779
20.601869
20.618242
20.625687
20.624197
20.589968
20.619730
20.618242
20.619730
20.543897
20.557265
20.570639
20.594431
20.595918
20.589968
20.484558
20.432736
20.523114
20.561722
20.567667
20.664431
20.645052
20.649523
20.625687
20.609310
20.616753
20.548352
20.636113
20.625687
20.645052
20.603357
20.612287
20.616753
20.658467
20.622708
20.665922
20.652504
20.646543
20.639092
20.606334
20.619730
20.634623
20.604846
20.588481
20.578072
20.585507
20.584019
20.584019
20.542412
20.529051
20.440133
20.412033
20.450493
20.469742
20.474186
20.489004
20.450493
20.459376
20.493451
20.486040
20.447533
20.459376
20.434215
20.477149
20.472705
20.422383
20.489004
20.493451
20.502347
20.618242
20.624197
20.591456
20.584019
20.560236
20.578072
20.634623
20.619730
20.581046
20.585507
20.561722
20.598894
20.540927
20.572126
20.619730
20.628665
20.610799
20.612287
20.604846
20.570639
20.515696
20.506796
20.490486
20.446053
20.412033
20.440133
20.524598
20.508279
20.548352
20.549837
20.518663
20.524598
20.496416
20.563208
20.570639
20.581046
20.497899
20.497899
20.466780
20.560236
20.609310
20.631644
20.557265
20.561722
20.603357
20.631644
20.613776
20.594431
20.570639
20.514212
20.558751
20.579559
20.588481
20.524598
20.560236
20.570639
20.591456
20.607822
20.624197
20.619730
20.598894
20.549837
20.582532
20.569153
20.592943
20.569153
20.497899
20.496416
20.457895
20.493451
20.542412
20.763013
20.670396
20.752542
20.828920
20.746560
20.837918
20.766006
20.789957
20.752542
20.704720
20.722644
20.634623
20.569153
20.493451
20.524598
20.524598
20.546867
20.505313
20.526082
20.554294
20.728621
20.610799
20.606334
20.560236
20.594431
20.624197
20.609310
20.581046
20.600382
20.566180
20.585507
20.591456
20.561722
20.563208
20.520147
20.578072
20.551323
20.604846
20.589968
20.610799
20.586994
20.612287
20.637602
20.622708
20.685315
20.656976
20.697255
20.643562
20.639092
20.622708
20.621219
20.615264
20.594431
20.569153
20.554294
20.588481
20.616753
20.508279
20.603357
20.615264
20.628665
20.557265
20.628665
20.595918
20.563208
20.576585
20.542412
20.592943
20.560236
20.594431
20.601869
20.603357
20.656976
20.665922
20.664431
20.682330
20.655485
20.628665
20.625687
20.637602
20.625687
20.592943
20.645052
20.634623
20.659958
20.639092
20.679346
20.664431
20.664431
20.670396
20.630154
20.548352
20.563208
20.575099
20.616753
20.603357
20.601869
20.670396
20.634623
20.592943
20.578072
20.578072
20.570639
20.592943
20.592943
20.561722
20.551323
20.540927
20.567667
20.564694
20.572126
20.621219
20.639092
20.588481
20.683822
20.725632
20.613776
20.682330
20.603357
20.618242
20.619730
20.658467
20.655485
20.606334
20.578072
20.530535
20.567667
20.514212
20.542412
20.569153
20.603357
20.586994
20.582532
20.561722
20.560236
20.603357
20.539442
20.542412
20.578072
20.579559
20.555779
20.526082
20.508279
20.426819
20.487522
20.490486
20.561722
20.555779
20.466780
20.530535
20.682330
20.730116
20.771992
20.743569
20.670396
20.703227
20.656976
20.651014
20.688299
20.639092
20.679346
20.703227
20.697255
20.616753
20.575099
20.637602
20.637602
20.642072
20.742074
20.676363
20.713681
20.633133
20.560236
20.625687
20.552808
20.682330
20.679346
20.697255
20.636113
20.637602
20.677854
20.668905
20.636113
20.616753
20.665922
20.627176
20.595918
20.664431
20.625687
20.642072
20.625687
20.651014
20.659958
20.703227
20.674871
20.671888
20.698748
20.742074
20.739084
20.749551
20.727127
20.694269
20.656976
20.592943
20.680838
20.680838
20.676363
20.716668
20.742074
20.794450
20.771992
20.809432
20.791455
20.768999
20.742074
20.745065
20.743569
20.731610
20.760021
20.745065
20.706213
20.700241
20.697255
20.689792
20.697255
20.707706
20.725632
20.668905
20.668905
20.642072
20.659958
20.679346
20.748055
20.676363
20.662940
20.645052
20.652504
20.606334
20.591456
20.581046
20.619730
20.680838
20.707706
20.700241
20.628665
20.667413
20.646543
20.686807
20.628665
20.621219
20.557265
20.601869
20.652504
20.656976
20.682330
20.655485
20.677854
20.662940
20.640582
20.625687
20.634623
20.637602
20.667413
20.604846
20.545382
20.643562
20.688299
20.671888
20.671888
20.652504
20.628665
20.639092
20.595918
20.575099
20.609310
20.557265
20.609310
20.619730
20.610799
20.616753
20.594431
20.589968
20.615264
20.598894
20.643562
20.591456
20.575099
20.601869
20.625687
20.625687
20.622708
20.619730
20.585507
20.622708
20.613776
20.586994
20.604846
20.591456
20.582532
20.578072
20.607822
20.588481
20.563208
20.566180
20.548352
20.543897
20.524598
20.563208
20.603357
20.572126
20.533504
20.551323
20.578072
20.607822
20.581046
20.560236
20.542412
20.572126
20.582532
20.594431
20.612287
20.627176
20.607822
20.619730
20.615264
20.615264
20.619730
20.610799
20.554294
20.606334
20.595918
20.601869
20.589968
20.589968
20.545382
20.607822
20.631644
20.598894
20.618242
20.616753
20.603357
20.570639
20.561722
20.526082
20.578072
20.558751
20.563208
20.589968
20.625687
20.624197
20.606334
20.615264
20.594431
20.607822
20.576585
20.566180
20.589968
20.575099
20.549837
20.549837
20.588481
20.546867
20.595918
20.595918
20.572126
20.567667
20.613776
20.594431
20.592943
20.591456
20.615264
20.560236
20.548352
20.564694
20.594431
20.584019
20.548352
20.560236
20.536473
20.578072
20.655485
20.558751
20.618242
20.643562
20.604846
20.612287
20.584019
20.597406
20.542412
20.569153
20.554294
20.540927
20.512729
20.534988
20.560236
20.536473
20.573612
20.655485
20.575099
20.640582
20.613776
20.597406
20.570639
20.566180
20.606334
20.648033
20.651014
20.606334
20.668905
20.676363
20.695762
20.676363
20.625687
20.655485
20.625687
20.569153
20.601869
20.512729
20.572126
20.539442
20.548352
20.616753
20.613776
20.625687
20.613776
20.642072
20.651014
20.612287
20.624197
20.624197
20.700241
20.676363
20.652504
20.637602
20.694269
20.618242
20.627176
20.586994
20.606334
20.607822
20.613776
20.640582
20.676363
20.668905
20.619730
20.591456
20.584019
20.576585
20.578072
20.570639
20.594431
20.618242
20.569153
20.600382
20.636113
20.603357
20.639092
20.616753
20.609310
20.570639
20.575099
20.610799
20.616753
20.603357
20.674871
20.676363
20.697255
20.668905
20.676363
20.622708
20.607822
20.601869
20.591456
20.539442
20.576585
20.566180
20.630154
20.588481
20.648033
20.631644
20.646543
20.606334
20.639092
20.627176
20.585507
20.569153
20.606334
20.633133
20.622708
20.609310
20.606334
20.557265
20.497899
20.539442
20.595918
20.615264
20.604846
20.631644
20.585507
20.661449
20.581046
20.607822
20.686807
20.685315
20.633133
20.688299
20.685315
20.671888
20.668905
20.601869
20.601869
20.651014
20.658467
20.612287
20.618242
20.564694
20.610799
20.575099
20.575099
20.628665
20.618242
20.607822
20.598894
20.586994
20.585507
20.640582
20.637602
20.607822
20.631644
20.503830
20.554294
20.578072
20.578072
20.643562
20.646543
20.625687
20.619730
20.619730
20.655485
20.686807
20.628665
20.642072
20.622708
20.646543
20.665922
20.613776
20.618242
20.607822
20.658467
20.618242
20.592943
20.591456
20.627176
20.552808
20.582532
20.607822
20.621219
20.609310
20.613776
20.597406
20.609310
20.659958
20.646543
20.656976
20.694269
20.682330
20.736094
20.674871
20.683822
20.694269
20.665922
20.656976
20.625687
20.651014
20.622708
20.618242
20.639092
20.643562
20.637602
20.591456
20.586994
20.604846
20.662940
20.621219
20.637602
20.604846
20.598894
20.594431
20.548352
20.607822
20.551323
20.532019
20.549837
20.570639
20.569153
20.540927
20.539442
20.594431
20.604846
20.579559
20.563208
20.609310
20.586994
20.631644
20.661449
20.612287
20.570639
20.645052
20.653995
20.615264
20.628665
20.585507
20.604846
20.610799
20.665922
20.670396
20.664431
20.609310
20.561722
20.585507
20.631644
20.670396
20.649523
20.645052
20.603357
20.555779
20.557265
20.564694
20.591456
20.552808
20.494933
20.494933
20.548352
20.483076
20.490486
20.500864
20.471223
20.554294
20.560236
20.554294
20.610799
20.530535
20.576585
20.595918
20.572126
20.573612
20.529051
20.453453
20.511245
20.539442
20.523114
20.591456
20.592943
20.627176
20.618242
20.733105
20.651014
20.618242
20.637602
20.552808
20.618242
20.533504
20.520147
20.481594
20.491969
20.540927
20.551323
20.545382
20.639092
20.761517
20.584019
20.621219
20.609310
20.542412
20.530535
20.613776
20.560236
20.585507
20.575099
20.569153
20.598894
20.589968
20.612287
20.655485
20.633133
20.625687
20.697255
20.595918
20.560236
20.475667
20.466780
20.468261
20.689792
20.549837
20.526082
20.545382
20.546867
20.560236
20.561722
20.561722
20.545382
20.524598
20.601869
20.572126
20.560236
20.609310
20.613776
20.646543
20.621219
20.633133
20.560236
20.564694
20.592943
20.600382
20.636113
20.636113
20.610799
20.600382
20.624197
20.613776
20.636113
20.656976
20.665922
20.643562
20.707706
20.645052
20.646543
20.564694
20.573612
20.597406
20.560236
20.572126
20.597406
20.601869
20.584019
20.585507
20.633133
20.585507
20.569153
20.607822
20.582532
20.603357
20.564694
20.579559
20.530535
20.546867
20.566180
20.584019
20.552808
20.591456
20.615264
20.586994
20.534988
20.545382
20.621219
20.622708
20.621219
20.584019
20.563208
20.581046
20.584019
20.592943
20.592943
20.597406
20.653995
20.653995
20.613776
20.594431
20.621219
20.604846
20.633133
20.554294
20.586994
20.536473
20.554294
20.601869
20.603357
20.600382
20.607822
20.578072
20.609310
20.566180
20.579559
20.570639
20.619730
20.589968
20.631644
20.653995
20.592943
20.616753
20.676363
20.664431
20.600382
20.581046
20.618242
20.585507
20.483076
20.545382
20.540927
20.532019
20.537958
20.517179
20.546867
20.512729
20.487522
20.563208
20.549837
20.509762
20.542412
20.505313
20.563208
20.676363
20.627176
20.586994
20.604846
20.557265
20.589968
20.585507
20.592943
20.530535
20.572126
20.609310
20.601869
20.586994
20.622708
20.636113
20.640582
20.694269
20.682330
20.642072
20.604846
20.554294
20.494933
20.545382
20.503830
20.564694
20.579559
20.554294
20.554294
20.563208
20.578072
20.624197
20.567667
20.548352
20.570639
20.471223
20.584019
20.546867
20.518663
20.532019
20.532019
20.560236
20.627176
20.548352
20.560236
20.579559
20.549837
20.542412
20.515696
20.557265
20.569153
20.554294
20.586994
20.564694
20.579559
20.595918
20.604846
20.601869
20.524598
20.534988
20.586994
20.659958
20.619730
20.581046
20.552808
20.622708
20.575099
20.517179
20.567667
20.558751
20.576585
20.585507
20.625687
20.598894
20.604846
20.659958
20.646543
20.639092
20.661449
20.640582
20.573612
20.500864
20.555779
20.667413
20.667413
20.677854
20.659958
20.707706
20.706213
20.770495
20.764510
20.703227
20.706213
20.679346
20.591456
20.615264
20.680838
20.639092
20.682330
20.668905
20.695762
20.679346
20.670396
20.664431
20.600382
20.631644
20.631644
20.679346
20.673379
20.595918
20.615264
20.601869
20.621219
20.561722
20.591456
20.576585
20.584019
20.557265
20.603357
20.578072
20.618242
20.624197
20.661449
20.694269
20.656976
20.706213
20.727127
20.649523
20.648033
20.649523
20.667413
20.634623
20.677854
20.664431
20.661449
20.631644
20.585507
20.655485
20.682330
20.677854
20.633133
20.630154
20.642072
20.625687
20.598894
20.640582
20.688299
20.668905
20.724138
20.671888
20.674871
20.645052
20.658467
20.727127
20.757029
20.748055
20.773489
20.721150
20.715174
20.776482
20.752542
20.743569
20.737589
20.773489
20.743569
20.595918
20.447533
20.496416
20.628665
20.637602
20.612287
20.636113
20.597406
20.704720
20.739084
20.704720
20.697255
20.643562
20.627176
20.648033
20.658467
20.627176
20.671888
20.728621
20.703227
20.731610
20.739084
20.697255
20.685315
20.719656
20.704720
20.710693
20.670396
20.736094
20.713681
20.736094
20.754038
20.763013
20.685315
20.703227
20.688299
20.685315
20.591456
20.739084
20.655485
20.670396
20.685315
20.676363
20.601869
20.664431
20.640582
20.658467
20.695762
20.616753
20.634623
20.612287
20.707706
20.658467
20.628665
20.625687
20.679346
20.698748
20.718162
20.727127
20.736094
20.637602
20.645052
20.597406
20.643562
20.621219
20.701734
20.689792
20.694269
20.677854
20.646543
20.616753
20.631644
20.655485
20.625687
20.595918
20.621219
20.643562
20.643562
20.664431
20.575099
20.576585
20.542412
20.536473
20.576585
20.588481
20.518663
20.518663
20.584019
20.594431
20.679346
20.652504
20.634623
20.677854
20.692777
20.615264
20.573612
20.585507
20.674871
20.584019
20.670396
20.682330
20.754038
20.730116
20.727127
20.709200
20.671888
20.652504
20.625687
20.658467
20.637602
20.674871
20.598894
20.539442
20.600382
20.624197
20.615264
20.622708
20.610799
20.667413
20.676363
20.625687
20.585507
20.612287
20.643562
20.607822
20.625687
20.700241
20.670396
20.637602
20.634623
20.618242
20.643562
20.621219
20.653995
20.662940
20.694269
20.701734
20.667413
20.679346
20.642072
20.710693
20.665922
20.628665
20.715174
20.704720
20.709200
20.688299
20.745065
20.766006
20.786962
20.703227
20.737589
20.742074
20.730116
20.740579
20.694269
20.698748
20.680838
20.671888
20.625687
20.631644
20.636113
20.551323
20.595918
20.540927
20.558751
20.560236
20.578072
20.511245
20.543897
20.653995
20.725632
20.695762
20.712187
20.689792
20.640582
20.622708
20.659958
20.618242
20.592943
20.540927
20.557265
20.569153
20.579559
20.579559
20.645052
20.649523
20.601869
20.592943
20.594431
20.591456
20.588481
20.594431
20.655485
20.662940
20.649523
20.671888
20.718162
20.695762
20.670396
20.640582
20.607822
20.651014
20.695762
20.685315
20.667413
20.706213
20.677854
20.606334
20.656976
20.642072
20.656976
20.606334
20.572126
20.489004
20.579559
20.633133
20.600382
20.712187
20.621219
20.628665
20.622708
20.600382
20.612287
20.586994
20.564694
20.529051
20.566180
20.526082
20.564694
20.622708
20.633133
20.643562
20.683822
20.607822
20.567667
20.578072
20.603357
20.566180
20.581046
20.578072
20.627176
20.664431
20.679346
20.645052
20.706213
20.700241
20.622708
20.613776
20.606334
20.610799
20.613776
20.621219
20.671888
20.648033
20.554294
20.606334
20.592943
20.607822
20.613776
20.615264
20.601869
20.597406
20.543897
20.597406
20.586994
20.622708
20.570639
20.552808
20.637602
20.594431
20.591456
20.609310
20.616753
20.613776
20.643562
20.607822
20.622708
20.659958
20.622708
20.682330
20.695762
20.653995
20.630154
20.670396
20.668905
20.648033
20.606334
20.649523
20.695762
20.673379
20.721150
20.648033
20.584019
20.618242
20.591456
20.706213
20.655485
20.658467
20.643562
20.621219
20.600382
20.642072
20.582532
20.631644
20.668905
20.664431
20.689792
20.748055
20.745065
20.746560
20.746560
20.725632
20.724138
20.728621
20.742074
20.751046
20.628665
20.715174
20.682330
20.628665
20.633133
20.707706
20.700241
20.724138
20.721150
20.689792
20.707706
20.742074
20.648033
20.640582
20.686807
20.671888
20.664431
20.655485
20.698748
20.700241
20.659958
20.648033
20.661449
20.604846
20.652504
20.662940
20.651014
20.676363
20.673379
20.649523
20.701734
20.680838
20.648033
20.665922
20.625687
20.630154
20.673379
20.656976
20.713681
20.718162
20.825921
20.809432
20.891968
20.718162
20.771992
20.727127
20.700241
20.688299
20.603357
20.575099
20.658467
20.586994
20.542412
20.481594
20.536473
20.582532
20.612287
20.682330
20.671888
20.698748
20.749551
20.739084
20.718162
20.651014
20.649523
20.601869
20.652504
20.668905
20.679346
20.652504
20.706213
20.751046
20.724138
20.648033
20.627176
20.616753
20.606334
20.616753
20.668905
20.630154
20.595918
20.600382
20.649523
20.646543
20.607822
20.619730
20.595918
20.551323
20.524598
20.588481
20.566180
20.539442
20.586994
20.588481
20.625687
20.515696
20.511245
20.524598
20.578072
20.524598
20.558751
20.514212
20.563208
20.588481
20.600382
20.564694
20.581046
20.618242
20.585507
20.643562
20.661449
20.664431
20.658467
20.662940
20.646543
20.658467
20.609310
20.601869
20.648033
20.616753
20.619730
20.594431
20.575099
20.555779
20.491969
20.549837
20.576585
20.581046
20.569153
20.572126
20.588481
20.604846
20.578072
20.625687
20.622708
20.589968
20.613776
20.634623
20.555779
20.563208
20.529051
20.592943
20.613776
20.579559
20.588481
20.575099
20.591456
20.555779
20.572126
20.630154
20.569153
20.622708
20.579559
20.619730
20.612287
20.579559
20.592943
20.594431
20.582532
20.545382
20.633133
20.549837
20.612287
20.634623
20.649523
20.662940
20.589968
20.558751
20.573612
20.631644
20.491969
20.520147
20.610799
20.584019
20.594431
20.637602
20.688299
20.664431
20.621219
20.610799
20.622708
20.581046
20.598894
20.619730
20.588481
20.651014
20.628665
20.648033
20.619730
20.622708
20.613776
20.604846
20.664431
20.664431
20.630154
20.633133
20.573612
20.579559
20.588481
20.618242
20.598894
20.542412
20.584019
20.594431
20.606334
20.575099
20.597406
20.586994
20.496416
20.514212
20.561722
20.570639
20.594431
20.603357
20.616753
20.612287
20.545382
20.597406
20.552808
20.609310
20.584019
20.609310
20.588481
20.579559
20.613776
20.661449
20.643562
20.584019
20.566180
20.523114
20.518663
20.536473
20.578072
20.576585
20.569153
20.533504
20.514212
20.582532
20.570639
20.597406
20.588481
20.572126
20.521631
20.589968
20.573612
20.592943
20.573612
20.631644
20.560236
20.601869
20.636113
20.643562
20.579559
20.621219
20.592943
20.618242
20.581046
20.624197
20.610799
20.628665
20.584019
20.545382
20.524598
20.509762
20.512729
20.581046
20.542412
20.539442
20.526082
20.534988
20.540927
20.509762
20.591456
20.578072
20.615264
20.570639
20.589968
20.575099
20.600382
20.573612
20.592943
20.584019
20.592943
20.564694
20.606334
20.594431
20.637602
20.612287
20.601869
20.600382
20.512729
20.576585
20.555779
20.578072
20.589968
20.591456
20.597406
20.613776
20.549837
20.572126
20.631644
20.579559
20.564694
20.597406
20.610799
20.589968
20.534988
20.561722
20.532019
20.561722
20.607822
20.598894
20.653995
20.597406
20.545382
20.592943
20.639092
20.610799
20.604846
20.536473
20.468261
20.491969
20.545382
20.555779
20.484558
20.530535
20.589968
20.563208
20.569153
20.526082
20.558751
20.619730
20.597406
20.606334
20.576585
20.560236
20.557265
20.483076
20.506796
20.506796
20.521631
20.594431
20.648033
20.607822
20.600382
20.598894
20.586994
20.655485
20.665922
20.691284
20.615264
20.595918
20.613776
20.653995
20.680838
20.625687
20.643562
20.563208
20.601869
20.616753
20.564694
20.549837
20.576585
20.618242
20.598894
20.634623
20.591456
20.622708
20.667413
20.610799
20.594431
20.573612
20.584019
20.595918
20.523114
20.567667
20.561722
20.625687
20.667413
20.706213
20.685315
20.712187
20.703227
20.634623
20.619730
20.607822
20.668905
20.680838
20.658467
20.625687
20.674871
20.645052
20.652504
20.613776
20.579559
20.628665
20.633133
20.631644
20.653995
20.665922
20.642072
20.619730
20.622708
20.604846
20.579559
20.612287
20.518663
20.518663
20.570639
20.639092
20.665922
20.712187
20.709200
20.719656
20.722644
20.694269
20.645052
20.658467
20.688299
20.682330
20.682330
20.664431
20.680838
20.706213
20.680838
20.694269
20.701734
20.682330
20.674871
20.661449
20.707706
20.689792
20.598894
20.624197
20.609310
20.621219
20.652504
20.634623
20.653995
20.607822
20.585507
20.560236
20.539442
20.514212
20.546867
20.569153
20.560236
20.575099
20.573612
20.622708
20.625687
20.646543
20.601869
20.652504
20.637602
20.610799
20.598894
20.643562
20.662940
20.610799
20.575099
20.595918
20.642072
20.643562
20.612287
20.621219
20.673379
20.673379
20.722644
20.703227
20.648033
20.609310
20.622708
20.639092
20.616753
20.634623
20.648033
20.640582
20.600382
20.552808
20.607822
20.613776
20.616753
20.581046
20.584019
20.633133
20.592943
20.588481
20.630154
20.662940
20.615264
20.668905
20.598894
20.622708
20.649523
20.664431
20.670396
20.737589
20.745065
20.748055
20.619730
20.673379
20.737589
20.733105
20.685315
20.665922
20.712187
20.704720
20.691284
20.688299
20.703227
20.739084
20.610799
20.630154
20.639092
20.589968
20.595918
20.615264
20.613776
20.612287
20.630154
20.637602
20.653995
20.610799
20.566180
20.627176
20.701734
20.627176
20.607822
20.645052
20.545382
20.642072
20.707706
20.651014
20.651014
20.613776
20.579559
20.622708
20.581046
20.584019
20.655485
20.658467
20.634623
20.563208
20.569153
20.578072
20.557265
20.540927
20.586994
20.591456
20.573612
20.532019
20.616753
20.685315
20.607822
20.659958
20.809432
20.727127
20.640582
20.697255
20.572126
20.539442
20.548352
20.592943
20.610799
20.523114
20.582532
20.552808
20.567667
20.606334
20.621219
20.557265
20.561722
20.584019
20.539442
20.540927
20.585507
20.570639
20.603357
20.615264
20.727127
20.716668
20.691284
20.633133
20.592943
20.598894
20.592943
20.633133
20.543897
20.566180
20.529051
20.573612
20.527567
20.537958
20.527567
20.612287
20.582532
20.543897
20.563208
20.539442
20.575099
20.576585
20.628665
20.668905
20.695762
20.667413
20.673379
20.633133
20.655485
20.688299
20.652504
20.586994
20.594431
20.648033
20.628665
20.573612
20.621219
20.573612
20.548352
20.487522
20.494933
20.469742
20.532019
20.497899
20.567667
20.529051
20.543897
20.552808
20.578072
20.524598
20.554294
20.536473
20.551323
20.573612
20.598894
20.561722
20.648033
20.709200
20.640582
20.648033
20.607822
20.636113
20.651014
20.757029
20.649523
20.651014
20.653995
20.664431
20.670396
20.689792
20.683822
20.688299
20.640582
20.595918
20.628665
20.682330
20.725632
20.676363
20.645052
20.594431
20.569153
20.648033
20.633133
20.636113
20.640582
20.537958
20.474186
20.457895
20.560236
20.526082
20.625687
20.655485
20.665922
20.637602
20.682330
20.628665
20.636113
20.733105
20.656976
20.661449
20.592943
20.656976
20.677854
20.659958
20.612287
20.585507
20.572126
20.563208
20.563208
20.471223
20.563208
20.552808
20.589968
20.573612
20.670396
20.627176
20.679346
20.668905
20.713681
20.709200
20.712187
20.733105
20.630154
20.679346
20.671888
20.661449
20.604846
20.630154
20.709200
20.662940
20.604846
20.621219
20.662940
20.656976
20.655485
20.630154
20.622708
20.570639
20.582532
20.558751
20.609310
20.643562
20.636113
20.610799
20.674871
20.700241
20.621219
20.560236
20.503830
20.474186
20.503830
20.551323
20.561722
20.573612
20.643562
20.613776
20.551323
20.597406
20.618242
20.603357
20.600382
20.592943
20.634623
20.664431
20.649523
20.576585
20.649523
20.722644
20.782470
20.748055
20.719656
20.791455
20.797446
20.791455
20.779476
20.712187
20.676363
20.713681
20.763013
20.771992
20.754038
20.677854
20.688299
20.676363
20.572126
20.575099
20.558751
20.530535
20.529051
20.572126
20.566180
20.560236
20.636113
20.595918
20.598894
20.624197
20.636113
20.691284
20.727127
20.652504
20.689792
20.679346
20.661449
20.680838
20.668905
20.636113
20.636113
20.622708
20.662940
20.667413
20.671888
20.637602
20.631644
20.709200
20.755533
20.722644
20.646543
20.595918
20.618242
20.618242
20.633133
20.658467
20.649523
20.683822
20.673379
20.642072
20.628665
20.652504
20.612287
20.640582
20.627176
20.661449
20.646543
20.662940
20.601869
20.582532
20.543897
20.652504
20.668905
20.640582
20.584019
20.561722
20.588481
20.581046
20.613776
20.618242
20.689792
20.665922
20.701734
20.640582
20.642072
20.633133
20.652504
20.592943
20.606334
20.564694
20.558751
20.567667
20.560236
20.622708
20.619730
20.592943
20.595918
20.624197
20.582532
20.597406
20.604846
20.607822
20.682330
20.662940
20.653995
20.604846
20.683822
20.662940
20.668905
20.637602
20.637602
20.630154
20.656976
20.703227
20.689792
20.676363
20.609310
20.692777
20.624197
20.601869
20.597406
20.555779
20.505313
20.511245
20.582532
20.625687
20.564694
20.576585
20.627176
20.601869
20.637602
20.651014
20.656976
20.659958
20.563208
20.496416
20.508279
20.558751
20.624197
20.622708
20.631644
20.710693
20.661449
20.619730
20.625687
20.700241
20.680838
20.607822
20.592943
20.563208
20.536473
20.594431
20.613776
20.621219
20.625687
20.652504
20.609310
20.606334
20.581046
20.600382
20.600382
20.603357
20.585507
20.679346
20.642072
20.659958
20.616753
20.642072
20.616753
20.646543
20.634623
20.634623
20.667413
20.679346
20.578072
20.592943
20.570639
20.554294
20.481594
20.511245
20.529051
20.588481
20.688299
20.586994
20.664431
20.680838
20.694269
20.658467
20.640582
20.634623
20.639092
20.636113
20.625687
20.581046
20.546867
20.576585
20.534988
20.505313
20.537958
20.584019
20.530535
20.564694
20.573612
20.581046
20.569153
20.560236
20.569153
20.539442
20.643562
20.648033
20.628665
20.665922
20.628665
20.610799
20.598894
20.676363
20.671888
20.671888
20.585507
20.595918
20.567667
20.598894
20.566180
20.561722
20.558751
20.537958
20.578072
20.594431
20.558751
20.523114
20.526082
20.530535
20.530535
20.454934
20.471223
20.503830
20.543897
20.569153
20.518663
20.575099
20.588481
20.679346
20.584019
20.546867
20.701734
20.609310
20.610799
20.606334
20.694269
20.694269
20.742074
20.683822
20.722644
20.704720
20.677854
20.594431
20.612287
20.628665
20.609310
20.648033
20.651014
20.673379
20.630154
20.561722
20.548352
20.613776
20.628665
20.648033
20.697255
20.667413
20.634623
20.639092
20.667413
20.612287
20.634623
20.643562
20.634623
20.639092
20.639092
20.637602
20.676363
20.674871
20.655485
20.707706
20.706213
20.780973
20.736094
20.679346
20.671888
20.645052
20.674871
20.716668
20.740579
20.664431
20.691284
20.648033
20.710693
20.649523
20.604846
20.642072
20.612287
20.585507
20.691284
20.631644
20.597406
20.566180
20.575099
20.592943
20.625687
20.637602
20.673379
20.733105
20.785465
20.836418
20.855924
20.795948
20.719656
20.734599
20.718162
20.679346
20.651014
20.585507
20.624197
20.634623
20.631644
20.595918
20.619730
20.640582
20.709200
20.667413
20.658467
20.618242
20.639092
20.643562
20.707706
20.688299
20.727127
20.818425
20.730116
20.803438
20.709200
20.697255
20.709200
20.658467
20.692777
20.697255
20.706213
20.677854
20.725632
20.668905
20.763013
20.731610
20.751046
20.764510
20.751046
20.749551
20.783967
20.783967
20.761517
20.789957
20.813928
20.733105
20.673379
20.648033
20.683822
20.801940
20.852922
20.788460
20.758525
20.727127
20.746560
20.721150
20.713681
20.715174
20.785465
20.746560
20.706213
20.689792
20.621219
20.655485
20.653995
20.656976
20.659958
20.710693
20.691284
20.671888
20.734599
20.740579
20.748055
20.718162
20.655485
20.665922
20.704720
20.724138
20.743569
20.665922
20.749551
20.746560
20.763013
20.770495
20.751046
20.670396
20.606334
20.589968
20.667413
20.713681
20.677854
20.713681
20.643562
20.685315
20.677854
20.649523
20.673379
20.618242
20.634623
20.582532
20.604846
20.685315
20.736094
20.721150
20.646543
20.695762
20.639092
20.622708
20.694269
20.760021
20.786962
20.700241
20.656976
20.697255
20.603357
20.692777
20.686807
20.688299
20.639092
20.634623
20.586994
20.643562
20.649523
20.674871
20.598894
20.692777
20.662940
20.567667
20.555779
20.569153
20.606334
20.591456
20.619730
20.567667
20.625687
20.668905
20.680838
20.734599
20.727127
20.670396
20.643562
20.674871
20.634623
20.616753
20.634623
20.656976
20.685315
20.689792
20.655485
20.662940
20.634623
20.627176
20.586994
20.594431
20.637602
20.601869
20.610799
20.682330
20.676363
20.676363
20.586994
20.637602
20.615264
20.609310
20.594431
20.630154
20.588481
20.569153
20.512729
20.598894
20.566180
20.600382
20.622708
20.622708
20.640582
20.624197
20.601869
20.624197
20.586994
20.628665
20.639092
20.674871
20.656976
20.600382
20.604846
20.606334
20.662940
20.633133
20.634623
20.624197
20.652504
20.651014
20.665922
20.640582
20.607822
20.662940
20.607822
20.618242
20.542412
20.532019
20.551323
20.563208
20.588481
20.586994
20.597406
20.572126
20.554294
20.584019
20.615264
20.606334
20.588481
20.610799
20.557265
20.494933
20.487522
20.460856
20.500864
20.509762
20.549837
20.497899
20.555779
20.618242
20.640582
20.686807
20.725632
20.569153
20.518663
20.642072
20.633133
20.636113
20.697255
20.665922
20.655485
20.680838
20.618242
20.563208
20.586994
20.506796
20.508279
20.514212
20.520147
20.589968
20.563208
20.539442
20.518663
20.624197
20.616753
20.652504
20.739084
20.659958
20.636113
20.612287
20.619730
20.649523
20.625687
20.616753
20.579559
20.575099
20.600382
20.628665
20.630154
20.645052
20.597406
20.545382
20.621219
20.595918
20.610799
20.612287
20.610799
20.615264
20.592943
20.560236
20.616753
20.631644
20.655485
20.686807
20.692777
20.600382
20.637602
20.592943
20.585507
20.573612
20.548352
20.549837
20.529051
20.545382
20.572126
20.598894
20.603357
20.628665
20.585507
20.539442
20.558751
20.627176
20.575099
20.561722
20.567667
20.530535
20.557265
20.588481
20.615264
20.624197
20.630154
20.597406
20.456414
20.472705
20.515696
20.454934
20.477149
20.502347
20.477149
20.463818
20.484558
20.527567
20.514212
20.517179
20.566180
20.649523
20.671888
20.659958
20.591456
20.592943
20.597406
20.631644
20.667413
20.573612
20.524598
20.537958
20.506796
20.548352
20.572126
20.595918
20.499381
20.494933
20.537958
20.581046
20.613776
20.604846
20.603357
20.609310
20.592943
20.586994
20.569153
20.619730
20.639092
20.598894
20.585507
20.545382
20.554294
20.540927
20.518663
20.552808
20.540927
20.570639
20.554294
20.523114
20.552808
20.569153
20.588481
20.588481
20.648033
20.622708
20.555779
20.603357
20.634623
20.563208
20.552808
20.508279
20.542412
20.530535
20.561722
20.545382
20.496416
20.570639
20.566180
20.540927
20.545382
20.561722
20.625687
20.573612
20.530535
20.564694
20.515696
20.515696
20.511245
20.557265
20.582532
20.627176
20.618242
20.661449
20.683822
20.677854
20.677854
20.676363
20.655485
20.655485
20.600382
20.604846
20.607822
20.586994
20.606334
20.569153
20.619730
20.613776
20.631644
20.613776
20.622708
20.624197
20.514212
20.584019
20.514212
20.534988
20.523114
20.582532
20.622708
20.606334
20.656976
20.628665
20.671888
20.689792
20.665922
20.659958
20.581046
20.581046
20.569153
20.601869
20.624197
20.655485
20.627176
20.606334
20.585507
20.634623
20.709200
20.618242
20.646543
20.649523
20.661449
20.643562
20.652504
20.645052
20.619730
20.604846
20.613776
20.655485
20.625687
20.652504
20.667413
20.689792
20.662940
20.640582
20.610799
20.639092
20.597406
20.578072
20.618242
20.592943
20.560236
20.634623
20.569153
20.560236
20.591456
20.512729
20.552808
20.581046
20.533504
20.595918
20.630154
20.607822
20.651014
20.685315
20.676363
20.727127
20.674871
20.649523
20.694269
20.673379
20.592943
20.536473
20.570639
20.683822
20.715174
20.825921
20.718162
20.801940
20.821423
20.789957
20.736094
20.685315
20.680838
20.646543
20.648033
20.630154
20.613776
20.649523
20.686807
20.691284
20.634623
20.659958
20.661449
20.661449
20.658467
20.695762
20.722644
20.712187
20.725632
20.727127
20.736094
20.767502
20.689792
20.734599
20.618242
20.670396
20.679346
20.694269
20.670396
20.716668
20.658467
20.671888
20.730116
20.668905
20.643562
20.628665
20.653995
20.600382
20.648033
20.643562
20.621219
20.637602
20.637602
20.627176
20.601869
20.640582
20.634623
20.616753
20.757029
20.709200
20.774985
20.852922
20.816926
20.766006
20.727127
20.743569
20.773489
20.739084
20.740579
20.680838
20.639092
20.592943
20.610799
20.653995
20.697255
20.770495
20.743569
20.730116
20.755533
20.740579
20.724138
20.751046
20.712187
20.665922
20.707706
20.685315
20.674871
20.555779
20.554294
20.579559
20.569153
20.601869
20.651014
20.616753
20.646543
20.682330
20.707706
20.713681
20.707706
20.764510
20.689792
20.745065
20.751046
20.777979
20.810931
20.757029
20.748055
20.719656
20.722644
20.697255
20.722644
20.679346
20.673379
20.619730
20.673379
20.645052
20.694269
20.682330
20.676363
20.712187
20.677854
20.676363
20.677854
20.658467
20.683822
20.712187
20.752542
20.745065
20.740579
20.755533
20.745065
20.724138
20.688299
20.777979
20.745065
20.788460
20.754038
20.752542
20.780973
20.809432
20.848420
20.831919
20.798944
20.727127
20.689792
20.667413
20.692777
20.691284
20.677854
20.695762
20.643562
20.728621
20.715174
20.637602
20.604846
20.585507
20.645052
20.664431
20.676363
20.777979
20.740579
20.680838
20.695762
20.694269
20.703227
20.667413
20.616753
20.646543
20.625687
20.648033
20.667413
20.679346
20.712187
20.676363
20.710693
20.713681
20.652504
20.695762
20.713681
20.668905
20.721150
20.692777
20.746560
20.709200
20.673379
20.653995
20.688299
20.622708
20.665922
20.656976
20.704720
20.701734
20.712187
20.697255
20.686807
20.661449
20.662940
20.633133
20.613776
20.555779
20.542412
20.545382
20.576585
20.603357
20.566180
20.533504
20.536473
20.586994
20.624197
20.563208
20.598894
20.578072
20.564694
20.551323
20.627176
20.622708
20.642072
20.643562
20.694269
20.606334
20.618242
20.621219
20.598894
20.616753
20.586994
20.584019
20.610799
20.563208
20.530535
20.569153
20.624197
20.683822
20.682330
20.643562
20.610799
20.604846
20.643562
20.645052
20.610799
20.640582
20.649523
20.631644
20.613776
20.631644
20.586994
20.621219
20.615264
20.555779
20.603357
20.607822
20.621219
20.621219
20.607822
20.619730
20.606334
20.576585
20.642072
20.633133
20.610799
20.592943
20.579559
20.576585
20.579559
20.601869
20.573612
20.601869
20.595918
20.640582
20.655485
20.649523
20.637602
20.636113
20.594431
20.653995
20.645052
20.616753
20.667413
20.688299
20.631644
20.658467
20.651014
20.667413
20.653995
20.604846
20.649523
20.639092
20.667413
20.683822
20.633133
20.585507
20.561722
20.545382
20.533504
20.537958
20.511245
20.563208
20.570639
20.572126
20.584019
20.564694
20.610799
20.609310
20.584019
20.566180
20.578072
20.543897
20.575099
20.601869
20.563208
20.604846
20.598894
20.551323
20.622708
20.661449
20.686807
20.709200
20.707706
20.645052
20.652504
20.624197
20.674871
20.646543
20.648033
20.634623
20.645052
20.633133
20.656976
20.700241
20.730116
20.722644
20.691284
20.679346
20.677854
20.630154
20.652504
20.581046
20.548352
20.645052
20.604846
20.628665
20.679346
20.627176
20.646543
20.670396
20.645052
20.662940
20.658467
20.718162
20.760021
20.682330
20.730116
20.676363
20.704720
20.782470
20.716668
20.739084
20.701734
20.680838
20.686807
20.643562
20.697255
20.673379
20.643562
20.697255
20.648033
20.695762
20.825921
20.661449
20.667413
20.603357
20.529051
20.549837
20.563208
20.604846
20.603357
20.607822
20.545382
20.607822
20.604846
20.639092
20.636113
20.722644
20.715174
20.661449
20.645052
20.649523
20.636113
20.630154
20.680838
20.627176
20.624197
20.665922
20.592943
20.601869
20.616753
20.575099
20.607822
20.636113
20.689792
20.651014
20.601869
20.578072
20.549837
20.582532
20.566180
20.589968
20.601869
20.603357
20.627176
20.661449
20.640582
20.706213
20.682330
20.645052
20.566180
20.548352
20.529051
20.523114
20.545382
20.567667
20.606334
20.616753
20.592943
20.558751
20.615264
20.603357
20.618242
20.622708
20.529051
20.526082
20.490486
20.459376
20.429777
20.502347
20.491969
20.520147
20.512729
20.524598
20.494933
20.443093
20.532019
20.539442
20.575099
20.542412
20.526082
20.548352
20.610799
20.598894
20.622708
20.603357
20.567667
20.584019
20.582532
20.524598
20.551323
20.542412
20.509762
20.561722
20.655485
20.664431
20.703227
20.695762
20.640582
20.594431
20.578072
20.636113
20.604846
20.581046
20.576585
20.631644
20.621219
20.582532
20.582532
20.517179
20.542412
20.589968
20.610799
20.598894
20.576585
20.598894
20.618242
20.713681
20.704720
20.648033
20.652504
20.677854
20.572126
20.619730
20.578072
20.560236
20.621219
20.634623
20.643562
20.627176
20.554294
20.578072
20.630154
20.636113
20.554294
20.578072
20.737589
20.707706
20.649523
20.686807
20.652504
20.609310
20.557265
20.585507
20.585507
20.584019
20.497899
20.627176
20.518663
20.534988
20.575099
20.573612
20.572126
20.595918
20.554294
20.551323
20.537958
20.493451
20.484558
20.646543
20.597406
20.548352
20.539442
20.520147
20.619730
20.627176
20.645052
20.621219
20.637602
20.648033
20.575099
20.607822
20.575099
20.671888
20.655485
20.683822
20.631644
20.668905
20.716668
20.683822
20.676363
20.703227
20.542412
20.637602
20.646543
20.686807
20.643562
20.697255
20.670396
20.695762
20.631644
20.656976
20.656976
20.551323
20.597406
20.588481
20.686807
20.658467
20.722644
20.645052
20.664431
20.676363
20.636113
20.653995
20.691284
20.692777
20.658467
20.628665
20.656976
20.601869
20.555779
20.592943
20.615264
20.595918
20.609310
20.642072
20.700241
20.685315
20.673379
20.662940
20.609310
20.555779
20.619730
20.591456
20.622708
20.662940
20.631644
20.606334
20.603357
20.622708
20.653995
20.624197
20.668905
20.697255
20.694269
20.631644
20.665922
20.656976
20.649523
20.625687
20.662940
20.713681
20.665922
20.642072
20.643562
20.613776
20.662940
20.634623
20.655485
20.692777
20.664431
20.594431
20.609310
20.628665
20.584019
20.589968
20.576585
20.606334
20.651014
20.651014
20.718162
20.659958
20.665922
20.695762
20.621219
20.665922
20.707706
20.771992
20.839418
20.813928
20.792952
20.824421
20.731610
20.748055
20.782470
20.704720
20.640582
20.665922
20.655485
20.671888
20.618242
20.634623
20.636113
20.658467
20.676363
20.606334
20.640582
20.604846
20.652504
20.637602
20.694269
20.634623
20.615264
20.533504
20.601869
20.625687
20.658467
20.634623
20.609310
20.603357
20.643562
20.682330
20.613776
20.613776
20.630154
20.658467
20.616753
20.649523
20.724138
20.713681
20.786962
20.746560
20.719656
20.682330
20.616753
20.621219
20.656976
20.733105
20.671888
20.661449
20.619730
20.610799
20.578072
20.630154
20.662940
20.612287
20.588481
20.551323
20.713681
20.676363
20.701734
20.645052
20.668905
20.725632
20.659958
20.659958
20.621219
20.609310
20.518663
20.509762
20.526082
20.542412
20.610799
20.618242
20.612287
20.676363
20.730116
20.668905
20.639092
20.680838
20.710693
20.695762
20.664431
20.661449
20.655485
20.706213
20.707706
20.683822
20.606334
20.536473
20.502347
20.493451
20.493451
20.527567
20.615264
20.653995
20.643562
20.683822
20.703227
20.709200
20.712187
20.712187
20.658467
20.653995
20.704720
20.706213
20.603357
20.683822
20.646543
20.658467
20.601869
20.589968
20.606334
20.533504
20.628665
20.664431
20.604846
20.576585
20.604846
20.584019
20.633133
20.595918
20.581046
20.600382
20.584019
20.468261
20.594431
20.674871
20.546867
20.589968
20.588481
20.569153
20.524598
20.542412
20.493451
20.517179
20.490486
20.518663
20.543897
20.500864
20.529051
20.540927
20.537958
20.549837
20.584019
20.567667
20.582532
20.622708
20.642072
20.615264
20.560236
20.598894
20.633133
20.625687
20.584019
20.645052
20.645052
20.597406
20.637602
20.578072
20.548352
20.579559
20.603357
20.613776
20.610799
20.680838
20.579559
20.542412
20.500864
20.561722
20.607822
20.578072
20.572126
20.552808
20.552808
20.573612
20.601869
20.607822
20.606334
20.619730
20.598894
20.604846
20.606334
20.624197
20.598894
20.586994
20.555779
20.592943
20.561722
20.592943
20.612287
20.616753
20.601869
20.595918
20.581046
20.551323
20.566180
20.517179
20.502347
20.506796
20.480112
20.487522
20.490486
20.459376
20.606334
20.569153
20.597406
20.592943
20.579559
20.554294
20.643562
20.707706
20.642072
20.634623
20.628665
20.581046
20.585507
20.601869
20.595918
20.566180
20.581046
20.572126
20.520147
20.572126
20.658467
20.585507
20.575099
20.572126
20.570639
20.533504
20.536473
20.566180
20.603357
20.615264
20.581046
20.566180
20.581046
20.600382
20.618242
20.613776
20.560236
20.543897
20.631644
20.592943
20.586994
20.606334
20.578072
20.584019
20.652504
20.633133
20.581046
20.609310
20.671888
20.625687
20.610799
20.598894
20.618242
20.566180
20.545382
20.594431
20.563208
20.518663
20.533504
20.619730
20.683822
20.664431
20.670396
20.645052
20.591456
20.618242
20.640582
20.572126
20.615264
20.658467
20.621219
20.585507
20.624197
20.618242
20.619730
20.627176
20.597406
20.597406
20.682330
20.659958
20.631644
20.636113
20.637602
20.665922
20.639092
20.627176
20.613776
20.613776
20.575099
20.616753
20.642072
20.697255
20.701734
20.633133
20.655485
20.603357
20.601869
20.527567
20.560236
20.595918
20.557265
20.582532
20.569153
20.616753
20.612287
20.600382
20.585507
20.619730
20.601869
20.621219
20.586994
20.551323
20.603357
20.603357
20.703227
20.610799
20.680838
20.691284
20.636113
20.704720
20.761517
20.748055
20.701734
20.715174
20.692777
20.628665
20.658467
20.661449
20.627176
20.636113
20.607822
20.630154
20.604846
20.636113
20.643562
20.595918
20.613776
20.555779
20.518663
20.592943
20.633133
20.634623
20.615264
20.552808
20.607822
20.673379
20.640582
20.634623
20.691284
20.685315
20.688299
20.682330
20.670396
20.691284
20.673379
20.628665
20.680838
20.645052
20.667413
20.609310
20.619730
20.625687
20.676363
20.656976
20.670396
20.676363
20.695762
20.709200
20.649523
20.595918
20.604846
20.612287
20.575099
20.584019
20.612287
20.643562
20.636113
20.619730
20.622708
20.609310
20.575099
20.569153
20.609310
20.586994
20.609310
20.613776
20.586994
20.589968
20.674871
20.673379
20.704720
20.677854
20.649523
20.703227
20.643562
20.607822
20.592943
20.589968
20.597406
20.622708
20.692777
20.715174
20.588481
20.521631
20.656976
20.639092
20.655485
20.676363
20.595918
20.569153
20.619730
20.664431
20.665922
20.649523
20.636113
20.658467
20.594431
20.530535
20.546867
20.634623
20.649523
20.588481
20.576585
20.591456
20.652504
20.691284
20.718162
20.662940
20.676363
20.652504
20.564694
20.615264
20.633133
20.579559
20.674871
20.730116
20.703227
20.694269
20.688299
20.698748
20.634623
