Z[mm]=17.0; Vgall[m/s]=20.0; Fs[Hz]=1000.0; v_hwa[m/s]
20.381067
20.354499
20.310274
20.538018
20.515756
20.508339
20.395837
20.310274
20.338276
20.325008
20.366304
20.400270
20.355975
20.432796
20.413572
20.477210
20.369256
20.295548
20.311747
20.432796
20.463878
20.412093
20.364828
20.379590
20.400270
20.384020
20.358925
20.320587
20.435755
20.454994
20.418007
20.478691
20.435755
20.376637
20.342699
20.338276
20.355975
20.382543
20.367780
20.385497
20.329430
20.302910
20.288187
20.320587
20.434276
20.431317
20.397315
20.384020
20.465359
20.423922
20.372208
20.382543
20.384020
20.420964
20.366304
20.382543
20.400270
20.420964
20.355975
20.428359
20.450553
20.392882
20.422443
20.453514
20.415050
20.379590
20.420964
20.410615
20.508339
20.434276
20.395837
20.388451
20.521691
20.456475
20.342699
20.332378
20.345649
20.474247
20.326482
20.443153
20.474247
20.457955
20.453514
20.441673
20.357450
20.355975
20.415050
20.386974
20.440194
20.394360
20.400270
20.370732
20.367780
20.313221
20.317640
20.326482
20.298493
20.330904
20.373684
20.335327
20.299965
20.311747
20.326482
20.338276
20.358925
20.394360
20.386974
20.400270
20.347124
20.358925
20.330904
20.364828
20.391405
20.384020
20.378114
20.339750
20.317640
20.407659
20.469803
20.437234
20.409137
20.403225
20.395837
20.453514
20.474247
20.456475
20.409137
20.394360
20.419485
20.351549
20.357450
20.375161
20.274943
20.226435
20.235248
20.294076
20.366304
20.378114
20.319114
20.423922
20.375161
20.326482
20.295548
20.264647
20.344174
20.339750
20.434276
20.294076
20.282301
20.384020
20.333852
20.235248
20.217624
20.357450
20.361877
20.282301
20.322061
20.336801
20.355975
20.314694
20.304383
20.353024
20.289659
20.311747
20.344174
20.274943
20.288187
20.329430
20.329430
20.297020
20.314694
20.292604
20.381067
20.329430
20.329430
20.325008
20.291131
20.226435
20.264647
20.299965
20.311747
20.317640
20.322061
20.317640
20.355975
20.348599
20.389928
20.364828
20.361877
20.320587
20.357450
20.344174
20.344174
20.327956
20.308801
20.325008
20.274943
20.316167
20.327956
20.270530
20.305856
20.345649
20.301438
20.323535
20.336801
20.329430
20.267588
20.326482
20.327956
20.319114
20.317640
20.257294
20.277886
20.302910
20.326482
20.310274
20.370732
20.447593
20.460917
20.336801
20.367780
20.369256
20.277886
20.244065
20.235248
20.248474
20.241126
20.299965
20.274943
20.348599
20.338276
20.355975
20.378114
20.247004
20.247004
20.282301
20.292604
20.226435
20.297020
20.326482
20.313221
20.282301
20.329430
20.272001
20.333852
20.323535
20.288187
20.279357
20.294076
20.279357
20.301438
20.257294
20.244065
20.299965
20.276415
20.232310
20.235248
20.344174
20.370732
20.304383
20.308801
20.302910
20.285244
20.238187
20.294076
20.333852
20.322061
20.285244
20.307328
20.322061
20.298493
20.252884
20.255824
20.223497
20.332378
20.361877
20.339750
20.466840
20.486100
20.403225
20.264647
20.153092
20.241126
20.276415
20.264647
20.456475
20.440194
20.407659
20.295548
20.282301
20.336801
20.358925
20.361877
20.274943
20.426880
20.469803
20.432796
20.428359
20.472765
20.415050
20.431317
20.432796
20.323535
20.355975
20.394360
20.327956
20.418007
20.409137
20.429838
20.435755
20.489065
20.412093
20.429838
20.431317
20.425401
20.453514
20.453514
20.493512
20.509823
20.452034
20.462397
20.487582
20.386974
20.338276
20.304383
20.302910
20.238187
20.338276
20.400270
20.459436
20.386974
20.327956
20.341225
20.299965
20.220560
20.273472
20.301438
20.329430
20.357450
20.407659
20.423922
20.332378
20.333852
20.244065
20.320587
20.301438
20.351549
20.395837
20.471284
20.370732
20.435755
20.350074
20.357450
20.353024
20.336801
20.294076
20.297020
20.367780
20.357450
20.379590
20.358925
20.418007
20.400270
20.388451
20.413572
20.353024
20.332378
20.285244
20.327956
20.358925
20.394360
20.330904
20.310274
20.273472
20.297020
20.326482
20.332378
20.280829
20.308801
20.313221
20.280829
20.336801
20.266118
20.305856
20.277886
20.323535
20.305856
20.327956
20.366304
20.342699
20.339750
20.335327
20.254354
20.299965
20.288187
20.350074
20.373684
20.403225
20.385497
20.410615
20.350074
20.373684
20.397315
20.347124
20.317640
20.314694
20.341225
20.344174
20.299965
20.325008
20.338276
20.332378
20.325008
20.355975
20.317640
20.280829
20.322061
20.258765
20.344174
20.363352
20.326482
20.355975
20.295548
20.230841
20.297020
20.372208
20.375161
20.419485
20.401747
20.409137
20.435755
20.446113
20.410615
20.406181
20.429838
20.443153
20.379590
20.342699
20.330904
20.322061
20.381067
20.384020
20.373684
20.327956
20.288187
20.289659
20.317640
20.355975
20.351549
20.389928
20.344174
20.452034
20.379590
20.386974
20.288187
20.252884
20.308801
20.497959
20.379590
20.244065
20.260235
20.314694
20.319114
20.258765
20.217624
20.128199
20.207347
20.311747
20.386974
20.415050
20.477210
20.447593
20.386974
20.422443
20.364828
20.326482
20.325008
20.280829
20.245534
20.291131
20.295548
20.351549
20.366304
20.400270
20.400270
20.435755
20.403225
20.348599
20.468321
20.406181
20.373684
20.382543
20.378114
20.338276
20.353024
20.350074
20.353024
20.325008
20.375161
20.332378
20.342699
20.308801
20.429838
20.420964
20.403225
20.404703
20.463878
20.459436
20.420964
20.401747
20.409137
20.409137
20.373684
20.379590
20.307328
20.288187
20.323535
20.384020
20.389928
20.400270
20.305856
20.403225
20.308801
20.361877
20.358925
20.406181
20.426880
20.462397
20.369256
20.308801
20.294076
20.263176
20.320587
20.304383
20.299965
20.307328
20.344174
20.289659
20.339750
20.339750
20.320587
20.358925
20.367780
20.307328
20.317640
20.305856
20.370732
20.327956
20.332378
20.452034
20.398792
20.344174
20.354499
20.419485
20.378114
20.341225
20.292604
20.320587
20.295548
20.298493
20.333852
20.345649
20.355975
20.294076
20.381067
20.438714
20.389928
20.264647
20.285244
20.307328
20.339750
20.299965
20.342699
20.344174
20.317640
20.325008
20.345649
20.294076
20.311747
20.338276
20.335327
20.333852
20.285244
20.232310
20.351549
20.397315
20.382543
20.358925
20.299965
20.252884
20.251414
20.285244
20.310274
20.341225
20.283772
20.297020
20.292604
20.283772
20.270530
20.316167
20.294076
20.332378
20.311747
20.286716
20.280829
20.323535
20.316167
20.274943
20.257294
20.319114
20.353024
20.379590
20.401747
20.376637
20.291131
20.336801
20.322061
20.325008
20.280829
20.376637
20.426880
20.443153
20.416528
20.415050
20.395837
20.347124
20.336801
20.355975
20.344174
20.329430
20.388451
20.358925
20.326482
20.363352
20.394360
20.347124
20.370732
20.344174
20.355975
20.406181
20.342699
20.357450
20.355975
20.325008
20.378114
20.419485
20.381067
20.370732
20.404703
20.401747
20.316167
20.367780
20.341225
20.342699
20.251414
20.379590
20.450553
20.372208
20.279357
20.432796
20.395837
20.468321
20.423922
20.474247
20.490547
20.394360
20.429838
20.351549
20.388451
20.361877
20.483136
20.432796
20.422443
20.440194
20.339750
20.351549
20.338276
20.339750
20.283772
20.249944
20.273472
20.336801
20.335327
20.351549
20.381067
20.375161
20.400270
20.419485
20.372208
20.355975
20.338276
20.363352
20.381067
20.392882
20.330904
20.327956
20.274943
20.341225
20.379590
20.373684
20.369256
20.364828
20.382543
20.404703
20.355975
20.382543
20.267588
20.263176
20.350074
20.353024
20.341225
20.364828
20.320587
20.304383
20.332378
20.364828
20.269059
20.194141
20.283772
20.279357
20.286716
20.323535
20.311747
20.289659
20.398792
20.329430
20.298493
20.283772
20.305856
20.372208
20.339750
20.298493
20.286716
20.338276
20.327956
20.327956
20.241126
20.317640
20.257294
20.272001
20.252884
20.270530
20.298493
20.280829
20.322061
20.272001
20.269059
20.302910
20.289659
20.310274
20.254354
20.298493
20.339750
20.394360
20.325008
20.314694
20.305856
20.282301
20.279357
20.257294
20.269059
20.314694
20.297020
20.286716
20.317640
20.347124
20.389928
20.407659
20.329430
20.355975
20.360401
20.326482
20.307328
20.325008
20.336801
20.308801
20.381067
20.358925
20.341225
20.338276
20.247004
20.261706
20.345649
20.335327
20.456475
20.406181
20.379590
20.332378
20.345649
20.310274
20.369256
20.428359
20.468321
20.406181
20.466840
20.400270
20.400270
20.370732
20.364828
20.317640
20.264647
20.217624
20.223497
20.185340
20.238187
20.297020
20.285244
20.299965
20.338276
20.347124
20.327956
20.291131
20.201477
20.288187
20.298493
20.288187
20.330904
20.267588
20.297020
20.283772
20.269059
20.344174
20.297020
20.413572
20.462397
20.410615
20.364828
20.395837
20.395837
20.391405
20.342699
20.286716
20.242595
20.266118
20.299965
20.311747
20.364828
20.391405
20.353024
20.299965
20.257294
20.233779
20.200010
20.164815
20.176541
20.200010
20.232310
20.299965
20.348599
20.348599
20.329430
20.286716
20.272001
20.249944
20.204412
20.292604
20.285244
20.341225
20.367780
20.353024
20.350074
20.338276
20.292604
20.294076
20.274943
20.298493
20.282301
20.261706
20.269059
20.239656
20.249944
20.270530
20.304383
20.289659
20.291131
20.310274
20.298493
20.297020
20.297020
20.355975
20.314694
20.295548
20.269059
20.220560
20.283772
20.249944
20.236717
20.325008
20.291131
20.295548
20.332378
20.385497
20.320587
20.369256
20.373684
20.327956
20.336801
20.292604
20.298493
20.264647
20.317640
20.251414
20.263176
20.236717
20.222029
20.153092
20.205880
20.167746
20.213219
20.257294
20.226435
20.272001
20.320587
20.323535
20.311747
20.263176
20.310274
20.317640
20.292604
20.255824
20.282301
20.297020
20.323535
20.332378
20.327956
20.333852
20.311747
20.276415
20.294076
20.295548
20.351549
20.382543
20.397315
20.407659
20.386974
20.425401
20.338276
20.330904
20.404703
20.400270
20.323535
20.358925
20.398792
20.353024
20.332378
20.341225
20.345649
20.327956
20.332378
20.386974
20.335327
20.305856
20.418007
20.444633
20.397315
20.428359
20.370732
20.426880
20.385497
20.323535
20.270530
20.264647
20.288187
20.288187
20.299965
20.288187
20.322061
20.266118
20.322061
20.360401
20.406181
20.395837
20.440194
20.392882
20.391405
20.347124
20.403225
20.394360
20.363352
20.369256
20.358925
20.389928
20.384020
20.342699
20.347124
20.305856
20.310274
20.298493
20.323535
20.372208
20.341225
20.325008
20.267588
20.347124
20.462397
20.397315
20.322061
20.313221
20.354499
20.370732
20.347124
20.317640
20.339750
20.373684
20.229372
20.307328
20.320587
20.379590
20.394360
20.428359
20.415050
20.333852
20.247004
20.307328
20.386974
20.378114
20.376637
20.420964
20.404703
20.364828
20.382543
20.416528
20.471284
20.397315
20.426880
20.302910
20.316167
20.251414
20.292604
20.332378
20.329430
20.329430
20.330904
20.347124
20.280829
20.329430
20.336801
20.330904
20.338276
20.329430
20.308801
20.320587
20.236717
20.235248
20.292604
20.339750
20.326482
20.257294
20.249944
20.298493
20.418007
20.319114
20.392882
20.382543
20.452034
20.584080
20.535049
20.432796
20.475728
20.443153
20.403225
20.355975
20.472765
20.319114
20.444633
20.446113
20.428359
20.389928
20.459436
20.459436
20.490547
20.512789
20.379590
20.431317
20.471284
20.361877
20.333852
20.319114
20.392882
20.363352
20.391405
20.400270
20.410615
20.443153
20.329430
20.332378
20.372208
20.392882
20.410615
20.404703
20.370732
20.341225
20.282301
20.326482
20.322061
20.322061
20.332378
20.413572
20.391405
20.382543
20.420964
20.404703
20.453514
20.462397
20.490547
20.454994
20.426880
20.454994
20.418007
20.456475
20.406181
20.382543
20.375161
20.406181
20.363352
20.319114
20.339750
20.302910
20.342699
20.373684
20.386974
20.369256
20.401747
20.358925
20.327956
20.386974
20.397315
20.355975
20.305856
20.310274
20.342699
20.378114
20.370732
20.415050
20.450553
20.381067
20.370732
20.375161
20.344174
20.370732
20.378114
20.358925
20.332378
20.314694
20.329430
20.323535
20.373684
20.422443
20.409137
20.395837
20.369256
20.384020
20.332378
20.394360
20.370732
20.307328
20.307328
20.353024
20.415050
20.432796
20.388451
20.370732
20.443153
20.406181
20.311747
20.398792
20.369256
20.291131
20.326482
20.317640
20.413572
20.381067
20.310274
20.325008
20.313221
20.329430
20.403225
20.435755
20.434276
20.413572
20.432796
20.429838
20.434276
20.480173
20.419485
20.505373
20.437234
20.425401
20.351549
20.333852
20.330904
20.400270
20.403225
20.422443
20.444633
20.392882
20.419485
20.413572
20.407659
20.406181
20.338276
20.382543
20.388451
20.379590
20.388451
20.404703
20.410615
20.394360
20.360401
20.386974
20.400270
20.474247
20.428359
20.413572
20.339750
20.330904
20.326482
20.397315
20.375161
20.329430
20.366304
20.345649
20.361877
20.319114
20.381067
20.369256
20.379590
20.338276
20.322061
20.282301
20.273472
20.251414
20.239656
20.282301
20.277886
20.248474
20.302910
20.299965
20.272001
20.279357
20.280829
20.322061
20.341225
20.338276
20.314694
20.386974
20.385497
20.423922
20.375161
20.364828
20.311747
20.357450
20.347124
20.422443
20.475728
20.549898
20.480173
20.415050
20.397315
20.394360
20.357450
20.326482
20.294076
20.313221
20.317640
20.398792
20.403225
20.386974
20.394360
20.327956
20.341225
20.319114
20.297020
20.301438
20.311747
20.251414
20.326482
20.345649
20.298493
20.333852
20.339750
20.298493
20.338276
20.366304
20.385497
20.400270
20.336801
20.339750
20.357450
20.344174
20.386974
20.361877
20.297020
20.279357
20.342699
20.339750
20.339750
20.291131
20.252884
20.242595
20.257294
20.291131
20.327956
20.291131
20.304383
20.294076
20.335327
20.335327
20.286716
20.330904
20.304383
20.261706
20.280829
20.264647
20.274943
20.270530
20.242595
20.217624
20.299965
20.289659
20.280829
20.232310
20.308801
20.285244
20.317640
20.339750
20.305856
20.370732
20.389928
20.386974
20.457955
20.409137
20.382543
20.379590
20.420964
20.375161
20.367780
20.330904
20.323535
20.286716
20.289659
20.326482
20.291131
20.332378
20.314694
20.322061
20.272001
20.355975
20.216155
20.316167
20.333852
20.350074
20.285244
20.317640
20.270530
20.277886
20.226435
20.247004
20.233779
20.217624
20.279357
20.248474
20.224966
20.263176
20.282301
20.341225
20.298493
20.226435
20.260235
20.305856
20.344174
20.373684
20.299965
20.224966
20.227903
20.305856
20.242595
20.282301
20.288187
20.232310
20.233779
20.297020
20.301438
20.344174
20.363352
20.257294
20.261706
20.335327
20.273472
20.249944
20.258765
20.260235
20.255824
20.269059
20.241126
20.310274
20.355975
20.354499
20.364828
20.350074
20.327956
20.313221
20.316167
20.252884
20.294076
20.261706
20.282301
20.305856
20.252884
20.279357
20.267588
20.264647
20.248474
20.249944
20.264647
20.266118
20.258765
20.314694
20.357450
20.338276
20.330904
20.307328
20.344174
20.353024
20.329430
20.230841
20.189740
20.258765
20.269059
20.341225
20.326482
20.288187
20.289659
20.276415
20.338276
20.261706
20.285244
20.283772
20.304383
20.270530
20.217624
20.269059
20.274943
20.292604
20.301438
20.329430
20.316167
20.294076
20.288187
20.273472
20.288187
20.260235
20.333852
20.308801
20.294076
20.279357
20.319114
20.333852
20.327956
20.276415
20.294076
20.267588
20.305856
20.289659
20.285244
20.336801
20.313221
20.302910
20.314694
20.329430
20.297020
20.370732
20.323535
20.264647
20.353024
20.317640
20.372208
20.366304
20.327956
20.361877
20.327956
20.298493
20.317640
20.353024
20.329430
20.282301
20.261706
20.311747
20.285244
20.310274
20.372208
20.342699
20.279357
20.297020
20.295548
20.355975
20.307328
20.327956
20.347124
20.358925
20.292604
20.273472
20.238187
20.288187
20.264647
20.233779
20.289659
20.339750
20.308801
20.308801
20.307328
20.298493
20.326482
20.308801
20.376637
20.305856
20.292604
20.298493
20.347124
20.233779
20.233779
20.255824
20.261706
20.272001
20.276415
20.245534
20.270530
20.235248
20.251414
20.226435
20.285244
20.263176
20.276415
20.258765
20.308801
20.320587
20.317640
20.326482
20.350074
20.344174
20.372208
20.404703
20.373684
20.353024
20.336801
20.364828
20.308801
20.323535
20.289659
20.338276
20.322061
20.344174
20.298493
20.310274
20.304383
20.313221
20.277886
20.251414
20.270530
20.297020
20.282301
20.280829
20.311747
20.305856
20.301438
20.323535
20.241126
20.245534
20.238187
20.252884
20.298493
20.258765
20.282301
20.297020
20.307328
20.327956
20.385497
20.261706
20.288187
20.375161
20.302910
20.277886
20.247004
20.235248
20.220560
20.264647
20.310274
20.323535
20.279357
20.369256
20.292604
20.258765
20.277886
20.245534
20.254354
20.277886
20.305856
20.335327
20.335327
20.317640
20.363352
20.277886
20.276415
20.361877
20.382543
20.412093
20.375161
20.375161
20.355975
20.301438
20.336801
20.406181
20.475728
20.366304
20.403225
20.373684
20.462397
20.472765
20.437234
20.348599
20.338276
20.363352
20.385497
20.307328
20.277886
20.327956
20.378114
20.412093
20.299965
20.292604
20.338276
20.412093
20.347124
20.320587
20.299965
20.294076
20.261706
20.223497
20.294076
20.322061
20.395837
20.443153
20.460917
20.369256
20.247004
20.403225
20.344174
20.327956
20.327956
20.339750
20.361877
20.320587
20.355975
20.354499
20.395837
20.341225
20.350074
20.298493
20.363352
20.382543
20.329430
20.378114
20.441673
20.397315
20.322061
20.249944
20.297020
20.317640
20.372208
20.372208
20.373684
20.357450
20.326482
20.311747
20.295548
20.336801
20.379590
20.357450
20.308801
20.347124
20.332378
20.335327
20.404703
20.450553
20.386974
20.370732
20.311747
20.360401
20.378114
20.351549
20.361877
20.292604
20.307328
20.320587
20.276415
20.322061
20.382543
20.355975
20.379590
20.353024
20.308801
20.310274
20.330904
20.330904
20.264647
20.345649
20.357450
20.363352
20.342699
20.378114
20.438714
20.358925
20.353024
20.285244
20.282301
20.266118
20.211751
20.258765
20.248474
20.302910
20.327956
20.369256
20.438714
20.428359
20.446113
20.376637
20.310274
20.272001
20.264647
20.280829
20.280829
20.317640
20.285244
20.345649
20.317640
20.342699
20.378114
20.348599
20.332378
20.289659
20.342699
20.279357
20.338276
20.347124
20.357450
20.372208
20.338276
20.314694
20.326482
20.355975
20.338276
20.357450
20.350074
20.323535
20.286716
20.366304
20.360401
20.355975
20.336801
20.382543
20.376637
20.381067
20.432796
20.425401
20.437234
20.388451
20.409137
20.339750
20.305856
20.319114
20.217624
20.291131
20.229372
20.277886
20.279357
20.257294
20.327956
20.311747
20.353024
20.329430
20.304383
20.270530
20.341225
20.280829
20.294076
20.320587
20.302910
20.326482
20.280829
20.384020
20.410615
20.401747
20.392882
20.475728
20.438714
20.475728
20.443153
20.546928
20.595979
20.631705
20.503890
20.499442
20.514273
20.353024
20.348599
20.316167
20.329430
20.270530
20.279357
20.298493
20.320587
20.333852
20.323535
20.373684
20.338276
20.395837
20.416528
20.413572
20.413572
20.350074
20.403225
20.335327
20.384020
20.353024
20.254354
20.311747
20.291131
20.360401
20.370732
20.431317
20.376637
20.403225
20.432796
20.415050
20.389928
20.471284
20.407659
20.391405
20.404703
20.376637
20.370732
20.351549
20.360401
20.305856
20.311747
20.357450
20.348599
20.288187
20.358925
20.423922
20.415050
20.462397
20.395837
20.388451
20.468321
20.452034
20.409137
20.395837
20.419485
20.407659
20.379590
20.304383
20.394360
20.357450
20.469803
20.425401
20.425401
20.418007
20.401747
20.397315
20.332378
20.305856
20.273472
20.305856
20.208815
20.247004
20.291131
20.297020
20.288187
20.254354
20.219092
20.283772
20.229372
20.285244
20.364828
20.327956
20.350074
20.326482
20.348599
20.311747
20.298493
20.244065
20.388451
20.348599
20.329430
20.317640
20.283772
20.286716
20.345649
20.308801
20.276415
20.263176
20.294076
20.266118
20.242595
20.254354
20.261706
20.285244
20.261706
20.267588
20.282301
20.304383
20.314694
20.291131
20.286716
20.294076
20.285244
20.220560
20.224966
20.286716
20.320587
20.286716
20.299965
20.314694
20.332378
20.297020
20.304383
20.313221
20.330904
20.295548
20.280829
20.319114
20.273472
20.326482
20.326482
20.345649
20.355975
20.330904
20.307328
20.279357
20.285244
20.263176
20.238187
20.297020
20.264647
20.201477
20.217624
20.208815
20.310274
20.251414
20.301438
20.230841
20.227903
20.227903
20.176541
20.139911
20.204412
20.232310
20.220560
20.219092
20.254354
20.249944
20.260235
20.269059
20.260235
20.302910
20.282301
20.277886
20.302910
20.329430
20.288187
20.297020
20.285244
20.258765
20.248474
20.257294
20.204412
20.153092
20.229372
20.236717
20.279357
20.244065
20.185340
20.188273
20.161884
20.201477
20.232310
20.192674
20.282301
20.229372
20.229372
20.192674
20.258765
20.249944
20.239656
20.189740
20.270530
20.294076
20.382543
20.341225
20.320587
20.326482
20.351549
20.339750
20.428359
20.360401
20.367780
20.381067
20.329430
20.310274
20.357450
20.347124
20.316167
20.277886
20.291131
20.297020
20.304383
20.317640
20.235248
20.257294
20.261706
20.248474
20.208815
20.232310
20.227903
20.386974
20.397315
20.407659
20.449073
20.437234
20.466840
20.449073
20.434276
20.446113
20.463878
20.432796
20.477210
20.481655
20.415050
20.429838
20.367780
20.389928
20.425401
20.376637
20.432796
20.446113
20.418007
20.363352
20.347124
20.339750
20.339750
20.291131
20.404703
20.363352
20.420964
20.344174
20.379590
20.338276
20.311747
20.409137
20.477210
20.481655
20.418007
20.452034
20.310274
20.326482
20.429838
20.460917
20.409137
20.345649
20.429838
20.407659
20.322061
20.345649
20.335327
20.304383
20.299965
20.323535
20.354499
20.298493
20.366304
20.397315
20.350074
20.289659
20.264647
20.285244
20.357450
20.320587
20.397315
20.353024
20.311747
20.322061
20.326482
20.354499
20.344174
20.379590
20.373684
20.440194
20.406181
20.344174
20.332378
20.355975
20.322061
20.276415
20.273472
20.248474
20.285244
20.322061
20.360401
20.319114
20.313221
20.382543
20.332378
20.341225
20.327956
20.341225
20.345649
20.378114
20.294076
20.323535
20.375161
20.358925
20.323535
20.342699
20.301438
20.344174
20.332378
20.333852
20.322061
20.319114
20.297020
20.311747
20.279357
20.308801
20.295548
20.319114
20.339750
20.292604
20.313221
20.311747
20.302910
20.358925
20.269059
20.227903
20.236717
20.249944
20.358925
20.357450
20.292604
20.302910
20.285244
20.267588
20.277886
20.297020
20.327956
20.355975
20.316167
20.269059
20.341225
20.397315
20.403225
20.384020
20.314694
20.273472
20.247004
20.314694
20.301438
20.320587
20.244065
20.382543
20.298493
20.242595
20.185340
20.232310
20.285244
20.325008
20.329430
20.353024
20.333852
20.364828
20.357450
20.286716
20.280829
20.327956
20.305856
20.326482
20.280829
20.264647
20.292604
20.186806
20.261706
20.264647
20.255824
20.257294
20.326482
20.304383
20.258765
20.279357
20.260235
20.254354
20.192674
20.192674
20.269059
20.295548
20.248474
20.197075
20.229372
20.241126
20.301438
20.329430
20.341225
20.355975
20.367780
20.335327
20.355975
20.431317
20.489065
20.395837
20.378114
20.317640
20.317640
20.195608
20.192674
20.248474
20.249944
20.308801
20.332378
20.335327
20.326482
20.273472
20.358925
20.388451
20.348599
20.330904
20.358925
20.342699
20.339750
20.277886
20.301438
20.292604
20.251414
20.233779
20.291131
20.289659
20.264647
20.280829
20.314694
20.394360
20.286716
20.335327
20.313221
20.348599
20.273472
20.325008
20.314694
20.341225
20.301438
20.385497
20.403225
20.438714
20.477210
20.487582
20.456475
20.404703
20.407659
20.319114
20.308801
20.307328
20.355975
20.314694
20.373684
20.382543
20.403225
20.288187
20.288187
20.267588
20.273472
20.291131
20.252884
20.363352
20.236717
20.205880
20.236717
20.255824
20.254354
20.251414
20.255824
20.270530
20.327956
20.329430
20.298493
20.294076
20.270530
20.308801
20.298493
20.301438
20.264647
20.314694
20.339750
20.369256
20.395837
20.363352
20.323535
20.313221
20.347124
20.313221
20.286716
20.319114
20.261706
20.330904
20.335327
20.372208
20.410615
20.403225
20.440194
20.263176
20.353024
20.204412
20.202945
20.223497
20.235248
20.276415
20.304383
20.316167
20.341225
20.345649
20.376637
20.299965
20.397315
20.286716
20.297020
20.364828
20.351549
20.369256
20.357450
20.404703
20.336801
20.327956
20.299965
20.263176
20.267588
20.326482
20.273472
20.357450
20.305856
20.347124
20.327956
20.333852
20.353024
20.348599
20.302910
20.385497
20.353024
20.323535
20.304383
20.326482
20.341225
20.274943
20.333852
20.235248
20.200010
20.233779
20.241126
20.299965
20.332378
20.348599
20.311747
20.302910
20.264647
20.264647
20.322061
20.353024
20.452034
20.344174
20.415050
20.338276
20.355975
20.267588
20.311747
20.325008
20.372208
20.258765
20.236717
20.273472
20.257294
20.258765
20.145769
20.308801
20.372208
20.311747
20.270530
20.322061
20.289659
20.357450
20.378114
20.348599
20.325008
20.264647
20.254354
20.242595
20.299965
20.311747
20.289659
20.353024
20.291131
20.232310
20.272001
20.302910
20.288187
20.320587
20.282301
20.273472
20.204412
20.164815
20.128199
20.222029
20.161884
20.205880
20.145769
20.115029
20.238187
20.255824
20.258765
20.269059
20.254354
20.167746
20.145769
20.185340
20.216155
20.239656
20.311747
20.292604
20.327956
20.301438
20.272001
20.299965
20.323535
20.373684
20.327956
20.322061
20.332378
20.313221
20.336801
20.367780
20.381067
20.382543
20.338276
20.333852
20.257294
20.211751
20.239656
20.201477
20.229372
20.247004
20.292604
20.316167
20.291131
20.323535
20.316167
20.313221
20.305856
20.274943
20.252884
20.273472
20.235248
20.277886
20.286716
20.257294
20.267588
20.260235
20.252884
20.202945
20.289659
20.345649
20.308801
20.291131
20.310274
20.251414
20.227903
20.261706
20.197075
20.229372
20.269059
20.257294
20.183873
20.188273
20.267588
20.204412
20.280829
20.286716
20.186806
20.226435
20.248474
20.279357
20.263176
20.322061
20.316167
20.252884
20.220560
20.264647
20.269059
20.317640
20.317640
20.295548
20.214687
20.238187
20.286716
20.289659
20.301438
20.258765
20.299965
20.286716
20.232310
20.289659
20.242595
20.242595
20.269059
20.274943
20.310274
20.266118
20.261706
20.273472
20.341225
20.327956
20.361877
20.302910
20.314694
20.291131
20.304383
20.302910
20.294076
20.266118
20.244065
20.269059
20.299965
20.276415
20.279357
20.322061
20.348599
20.344174
20.388451
20.358925
20.330904
20.373684
20.333852
20.226435
20.288187
20.395837
20.432796
20.426880
20.420964
20.453514
20.423922
20.361877
20.317640
20.327956
20.329430
20.322061
20.291131
20.354499
20.391405
20.341225
20.432796
20.282301
20.339750
20.358925
20.255824
20.335327
20.310274
20.385497
20.239656
20.233779
20.330904
20.325008
20.282301
20.351549
20.406181
20.332378
20.322061
20.299965
20.276415
20.311747
20.375161
20.314694
20.283772
20.378114
20.345649
20.338276
20.329430
20.354499
20.333852
20.308801
20.280829
20.241126
20.297020
20.274943
20.338276
20.354499
20.266118
20.289659
20.254354
20.320587
20.267588
20.249944
20.295548
20.274943
20.379590
20.333852
20.291131
20.388451
20.373684
20.314694
20.310274
20.330904
20.279357
20.353024
20.338276
20.386974
20.403225
20.410615
20.397315
20.360401
20.418007
20.462397
20.492029
20.435755
20.302910
20.279357
20.297020
20.447593
20.429838
20.357450
20.338276
20.382543
20.375161
20.375161
20.372208
20.361877
20.270530
20.257294
20.263176
20.367780
20.389928
20.395837
20.398792
20.355975
20.432796
20.354499
20.369256
20.364828
20.394360
20.361877
20.332378
20.394360
20.373684
20.367780
20.372208
20.342699
20.357450
20.350074
20.363352
20.353024
20.354499
20.366304
20.350074
20.286716
20.344174
20.344174
20.347124
20.373684
20.354499
20.350074
20.327956
20.295548
20.361877
20.370732
20.358925
20.353024
20.373684
20.327956
20.289659
20.313221
20.305856
20.298493
20.280829
20.325008
20.330904
20.326482
20.232310
20.295548
20.345649
20.416528
20.348599
20.407659
20.420964
20.361877
20.367780
20.298493
20.249944
20.294076
20.298493
20.333852
20.219092
20.173609
20.245534
20.332378
20.320587
20.288187
20.194141
20.242595
20.348599
20.332378
20.381067
20.341225
20.294076
20.280829
20.269059
20.313221
20.394360
20.403225
20.460917
20.394360
20.358925
20.384020
20.367780
20.342699
20.316167
20.307328
20.403225
20.389928
20.366304
20.425401
20.407659
20.347124
20.404703
20.385497
20.372208
20.397315
20.379590
20.392882
20.335327
20.344174
20.358925
20.358925
20.357450
20.364828
20.370732
20.376637
20.322061
20.326482
20.320587
20.388451
20.345649
20.344174
20.372208
20.326482
20.327956
20.329430
20.289659
20.311747
20.329430
20.292604
20.314694
20.288187
20.347124
20.332378
20.285244
20.325008
20.304383
20.347124
20.376637
20.355975
20.336801
20.325008
20.367780
20.322061
20.332378
20.316167
20.210283
20.214687
20.333852
20.305856
20.370732
20.381067
20.375161
20.444633
20.420964
20.450553
20.406181
20.323535
20.267588
20.170677
20.224966
20.297020
20.272001
20.274943
20.314694
20.261706
20.277886
20.238187
20.264647
20.294076
20.252884
20.267588
20.282301
20.202945
20.242595
20.205880
20.241126
20.233779
20.180940
20.289659
20.323535
20.291131
20.279357
20.323535
20.270530
20.264647
20.264647
20.217624
20.238187
20.297020
20.279357
20.372208
20.345649
20.400270
20.330904
20.320587
20.307328
20.347124
20.304383
20.310274
20.330904
20.329430
20.330904
20.336801
20.339750
20.336801
20.367780
20.363352
20.372208
20.325008
20.207347
20.115029
20.144304
20.180940
20.197075
20.263176
20.255824
20.226435
20.214687
20.229372
20.247004
20.317640
20.191207
20.247004
20.308801
20.366304
20.283772
20.305856
20.330904
20.382543
20.323535
20.369256
20.314694
20.322061
20.307328
20.366304
20.376637
20.429838
20.426880
20.403225
20.425401
20.348599
20.326482
20.317640
20.249944
20.297020
20.310274
20.364828
20.342699
20.357450
20.317640
20.326482
20.342699
20.308801
20.320587
20.310274
20.313221
20.376637
20.355975
20.364828
20.351549
20.332378
20.355975
20.314694
20.311747
20.385497
20.376637
20.361877
20.386974
20.381067
20.310274
20.302910
20.320587
20.361877
20.291131
20.311747
20.355975
20.363352
20.295548
20.361877
20.366304
20.391405
20.391405
20.372208
20.372208
20.384020
20.398792
20.379590
20.330904
20.384020
20.397315
20.382543
20.397315
20.420964
20.351549
20.361877
20.323535
20.367780
20.319114
20.376637
20.375161
20.319114
20.367780
20.364828
20.299965
20.339750
20.341225
20.335327
20.394360
20.385497
20.378114
20.298493
20.307328
20.322061
20.292604
20.249944
20.244065
20.329430
20.310274
20.320587
20.335327
20.329430
20.332378
20.307328
20.308801
20.299965
20.330904
20.310274
20.264647
20.367780
20.370732
20.297020
20.282301
20.347124
20.295548
20.307328
20.319114
20.316167
20.272001
20.264647
20.211751
20.202945
20.297020
20.338276
20.344174
20.327956
20.326482
20.354499
20.342699
20.270530
20.299965
20.274943
20.267588
20.236717
20.244065
20.255824
20.335327
20.391405
20.363352
20.361877
20.319114
20.341225
20.345649
20.311747
20.249944
20.320587
20.282301
20.270530
20.314694
20.313221
20.339750
20.367780
20.302910
20.264647
20.338276
20.373684
20.370732
20.407659
20.392882
20.394360
20.280829
20.355975
20.357450
20.327956
20.311747
20.291131
20.245534
20.254354
20.336801
20.385497
20.370732
20.364828
20.363352
20.353024
20.355975
20.347124
20.342699
20.369256
20.378114
20.299965
20.339750
20.385497
20.350074
20.363352
20.384020
20.314694
20.355975
20.351549
20.361877
20.416528
20.415050
20.366304
20.325008
20.333852
20.301438
20.335327
20.345649
20.406181
20.394360
20.386974
20.332378
20.320587
20.381067
20.423922
20.257294
20.372208
20.413572
20.391405
20.382543
20.372208
20.382543
20.370732
20.381067
20.294076
20.313221
20.338276
20.426880
20.291131
20.355975
20.397315
20.385497
20.347124
20.376637
20.330904
20.366304
20.384020
20.329430
20.329430
20.292604
20.325008
20.344174
20.313221
20.254354
20.302910
20.375161
20.345649
20.333852
20.347124
20.297020
20.289659
20.338276
20.301438
20.282301
20.305856
20.353024
20.348599
20.305856
20.347124
20.294076
20.261706
20.317640
20.322061
20.314694
20.270530
20.229372
20.248474
20.260235
20.317640
20.317640
20.348599
20.305856
20.299965
20.274943
20.213219
20.211751
20.248474
20.260235
20.299965
20.272001
20.291131
20.279357
20.301438
20.347124
20.335327
20.320587
20.326482
20.299965
20.292604
20.308801
20.311747
20.323535
20.358925
20.373684
20.301438
20.344174
20.353024
20.332378
20.308801
20.313221
20.344174
20.369256
20.357450
20.338276
20.320587
20.357450
20.357450
20.313221
20.288187
20.252884
20.286716
20.233779
20.317640
20.329430
20.355975
20.481655
20.447593
20.446113
20.415050
20.432796
20.336801
20.350074
20.429838
20.297020
20.249944
20.336801
20.347124
20.401747
20.496477
20.412093
20.404703
20.440194
20.423922
20.398792
20.314694
20.332378
20.319114
20.285244
20.298493
20.245534
20.222029
20.261706
20.335327
20.406181
20.367780
20.261706
20.283772
20.326482
20.373684
20.395837
20.450553
20.412093
20.391405
20.347124
20.388451
20.403225
20.304383
20.355975
20.305856
20.311747
20.292604
20.272001
20.354499
20.367780
20.367780
20.327956
20.276415
20.311747
20.277886
20.397315
20.395837
20.412093
20.354499
20.341225
20.311747
20.330904
20.326482
20.327956
20.358925
20.305856
20.354499
20.353024
20.407659
20.406181
20.344174
20.379590
20.400270
20.333852
20.406181
20.348599
20.339750
20.332378
20.302910
20.344174
20.264647
20.316167
20.323535
20.299965
20.260235
20.291131
20.379590
20.350074
20.395837
20.351549
20.395837
20.481655
20.456475
20.415050
20.311747
20.342699
20.384020
20.332378
20.381067
20.345649
20.350074
20.289659
20.317640
20.330904
20.367780
20.420964
20.335327
20.282301
20.325008
20.214687
20.223497
20.195608
20.227903
20.232310
20.367780
20.332378
20.370732
20.400270
20.347124
20.360401
20.370732
20.354499
20.358925
20.342699
20.335327
20.379590
20.363352
20.329430
20.298493
20.335327
20.366304
20.357450
20.317640
20.323535
20.348599
20.283772
20.285244
20.299965
20.323535
20.314694
20.327956
20.360401
20.330904
20.351549
20.339750
20.311747
20.295548
20.251414
20.299965
20.301438
20.251414
20.251414
20.276415
20.310274
20.314694
20.367780
20.322061
20.415050
20.364828
20.313221
20.141375
20.220560
20.172143
20.173609
20.299965
20.322061
20.420964
20.423922
20.481655
20.401747
20.546928
20.400270
20.288187
20.236717
20.219092
20.192674
20.186806
20.264647
20.242595
20.188273
20.251414
20.258765
20.273472
20.330904
20.323535
20.302910
20.348599
20.384020
20.327956
20.322061
20.395837
20.369256
20.320587
20.325008
20.310274
20.305856
20.255824
20.299965
20.339750
20.326482
20.394360
20.453514
20.416528
20.373684
20.397315
20.418007
20.462397
20.367780
20.322061
20.385497
20.406181
20.384020
20.341225
20.279357
20.375161
20.298493
20.386974
20.444633
20.486100
20.347124
20.360401
20.279357
20.327956
20.304383
20.320587
20.378114
20.385497
20.412093
20.332378
20.308801
20.367780
20.361877
20.335327
20.329430
20.361877
20.344174
20.345649
20.370732
20.406181
20.381067
20.339750
20.325008
20.379590
20.384020
20.345649
20.409137
20.304383
20.292604
20.347124
20.338276
20.381067
20.379590
20.397315
20.389928
20.332378
20.332378
20.364828
20.406181
20.389928
20.394360
20.320587
20.342699
20.409137
20.379590
20.311747
20.373684
20.350074
20.358925
20.339750
20.326482
20.363352
20.370732
20.351549
20.372208
20.364828
20.400270
20.395837
20.447593
20.441673
20.444633
20.454994
20.493512
20.434276
20.434276
20.319114
20.322061
20.401747
20.367780
20.364828
20.375161
20.388451
20.382543
20.339750
20.361877
20.370732
20.409137
20.382543
20.372208
20.401747
20.369256
20.285244
20.291131
20.310274
20.335327
20.354499
20.338276
20.350074
20.322061
20.354499
20.385497
20.342699
20.308801
20.370732
20.316167
20.398792
20.329430
20.335327
20.367780
20.409137
20.358925
20.373684
20.366304
20.394360
20.326482
20.298493
20.350074
20.330904
20.301438
20.263176
20.283772
20.338276
20.341225
20.326482
20.272001
20.373684
20.341225
20.338276
20.288187
20.322061
20.280829
20.288187
20.273472
20.319114
20.304383
20.323535
20.370732
20.364828
20.358925
20.361877
20.320587
20.305856
20.273472
20.276415
20.285244
20.286716
20.320587
20.335327
20.382543
20.353024
20.314694
20.291131
20.282301
20.320587
20.292604
20.276415
20.297020
20.227903
20.266118
20.292604
20.299965
20.347124
20.335327
20.320587
20.370732
20.314694
20.353024
20.314694
20.226435
20.280829
20.255824
20.260235
20.261706
20.286716
20.280829
20.241126
20.341225
20.351549
20.409137
20.338276
20.348599
20.313221
20.305856
20.319114
20.330904
20.319114
20.280829
20.251414
20.269059
20.266118
20.266118
20.227903
20.230841
20.238187
20.222029
20.274943
20.295548
20.376637
20.401747
20.353024
20.345649
20.332378
20.316167
20.347124
20.317640
20.336801
20.301438
20.333852
20.353024
20.330904
20.344174
20.329430
20.302910
20.372208
20.308801
20.208815
20.251414
20.274943
20.276415
20.355975
20.276415
20.186806
20.295548
20.297020
20.258765
20.292604
20.288187
20.230841
20.333852
20.353024
20.339750
20.375161
20.404703
20.450553
20.423922
20.344174
20.311747
20.313221
20.317640
20.326482
20.298493
20.415050
20.457955
20.468321
20.456475
20.456475
20.423922
20.401747
20.452034
20.412093
20.432796
20.378114
20.410615
20.376637
20.373684
20.373684
20.381067
20.444633
20.382543
20.370732
20.353024
20.322061
20.397315
20.317640
20.302910
20.338276
20.361877
20.339750
20.344174
20.364828
20.376637
20.366304
20.373684
20.406181
20.389928
20.338276
20.329430
20.395837
20.382543
20.415050
20.466840
20.395837
20.452034
20.400270
20.360401
20.370732
20.348599
20.392882
20.335327
20.381067
20.292604
20.394360
20.333852
20.358925
20.385497
20.412093
20.419485
20.404703
20.416528
20.431317
20.429838
20.400270
20.375161
20.348599
20.369256
20.409137
20.401747
20.373684
20.420964
20.418007
20.404703
20.358925
20.388451
20.395837
20.370732
20.394360
20.423922
20.446113
20.420964
20.367780
20.406181
20.345649
20.363352
20.348599
20.375161
20.333852
20.503890
20.486100
20.391405
20.440194
20.372208
20.410615
20.360401
20.386974
20.410615
20.308801
20.350074
20.428359
20.412093
20.370732
20.409137
20.391405
20.425401
20.395837
20.384020
20.372208
20.404703
20.466840
20.494994
20.406181
20.394360
20.434276
20.364828
20.450553
20.415050
20.385497
20.351549
20.366304
20.410615
20.384020
20.401747
20.418007
20.395837
20.453514
20.429838
20.385497
20.392882
20.354499
20.313221
20.344174
20.348599
20.373684
20.381067
20.457955
20.545443
20.409137
20.394360
20.413572
20.375161
20.319114
20.342699
20.329430
20.418007
20.446113
20.378114
20.379590
20.391405
20.397315
20.431317
20.345649
20.311747
20.330904
20.279357
20.214687
20.251414
20.288187
20.314694
20.339750
20.351549
20.385497
20.391405
20.395837
20.358925
20.392882
20.341225
20.429838
20.355975
20.314694
20.355975
20.341225
20.350074
20.353024
20.355975
20.316167
20.370732
20.333852
20.333852
20.336801
20.375161
20.426880
20.447593
20.391405
20.446113
20.422443
20.406181
20.389928
20.360401
20.432796
20.385497
20.389928
20.342699
20.447593
20.386974
20.333852
20.355975
20.364828
20.364828
20.382543
20.357450
20.289659
20.247004
20.311747
20.355975
20.336801
20.301438
20.314694
20.267588
20.251414
20.299965
20.288187
20.279357
20.224966
20.279357
20.304383
20.354499
20.389928
20.441673
20.372208
20.333852
20.381067
20.339750
20.341225
20.282301
20.280829
20.317640
20.333852
20.285244
20.336801
20.350074
20.341225
20.370732
20.330904
20.213219
20.274943
20.264647
20.274943
20.323535
20.297020
20.274943
20.310274
20.323535
20.344174
20.355975
20.423922
20.397315
20.486100
20.515756
20.499442
20.465359
20.342699
20.489065
20.413572
20.410615
20.347124
20.316167
20.418007
20.283772
20.211751
20.214687
20.208815
20.289659
20.283772
20.285244
20.219092
20.329430
20.512789
20.549898
20.478691
20.502407
20.512789
20.540988
20.524659
20.447593
20.474247
20.465359
20.452034
20.384020
20.326482
20.317640
20.289659
20.360401
20.367780
20.385497
20.460917
20.419485
20.429838
20.397315
20.418007
20.443153
20.492029
20.452034
20.386974
20.413572
20.210283
20.511306
20.354499
20.450553
20.469803
20.483136
20.333852
20.460917
20.364828
20.400270
20.394360
20.381067
20.355975
20.348599
20.327956
20.379590
20.350074
20.388451
20.364828
20.452034
20.420964
20.460917
20.413572
20.410615
20.397315
20.385497
20.373684
20.379590
20.297020
20.295548
20.419485
20.456475
20.447593
20.459436
20.400270
20.335327
20.353024
20.395837
20.316167
20.302910
20.325008
20.336801
20.361877
20.423922
20.412093
20.335327
20.407659
20.389928
20.355975
20.410615
20.382543
20.354499
20.292604
20.335327
20.354499
20.358925
20.372208
20.389928
20.373684
20.373684
20.267588
20.317640
20.305856
20.311747
20.319114
20.308801
20.326482
20.341225
20.316167
20.220560
20.279357
20.314694
20.316167
20.270530
20.295548
20.282301
20.429838
20.320587
20.276415
20.304383
20.345649
20.288187
20.378114
20.381067
20.397315
20.369256
20.317640
20.283772
20.336801
20.297020
20.273472
20.273472
20.274943
20.258765
20.307328
20.330904
20.384020
20.344174
20.422443
20.385497
20.361877
20.391405
20.407659
20.367780
20.386974
20.395837
20.370732
20.350074
20.341225
20.345649
20.282301
20.376637
20.392882
20.404703
20.353024
20.327956
20.339750
20.438714
20.468321
20.409137
20.490547
20.285244
20.297020
20.364828
20.438714
20.350074
20.307328
20.302910
20.270530
20.392882
20.394360
20.426880
20.449073
20.444633
20.426880
20.441673
20.435755
20.210283
20.291131
20.375161
20.441673
20.514273
20.282301
20.468321
20.394360
20.422443
20.286716
20.235248
20.437234
20.459436
20.465359
20.252884
20.330904
20.637663
20.730177
20.613836
20.523175
20.317640
20.186806
20.279357
20.432796
20.429838
20.241126
20.220560
20.295548
20.472765
20.327956
20.327956
20.280829
20.242595
20.392882
20.316167
20.282301
20.255824
20.248474
20.304383
20.370732
20.412093
20.526143
20.520207
20.526143
20.429838
20.378114
20.446113
20.452034
20.465359
20.412093
20.385497
20.322061
20.272001
20.276415
20.304383
20.338276
20.348599
20.288187
20.335327
20.280829
20.322061
20.353024
20.400270
20.406181
20.333852
20.348599
20.389928
20.422443
20.372208
20.370732
20.394360
20.350074
20.329430
20.381067
20.401747
20.403225
20.373684
20.329430
20.426880
20.412093
20.437234
20.335327
20.388451
20.412093
20.347124
20.342699
20.401747
20.366304
20.311747
20.307328
20.322061
20.305856
20.294076
20.323535
20.339750
20.369256
20.373684
20.329430
20.347124
20.358925
20.354499
20.336801
20.317640
20.291131
20.285244
20.283772
20.285244
20.338276
20.317640
20.299965
20.298493
20.289659
20.260235
20.273472
20.286716
20.188273
20.245534
20.251414
20.277886
20.232310
20.249944
20.294076
20.288187
20.252884
20.227903
20.235248
20.280829
20.270530
20.272001
20.357450
20.358925
20.344174
20.295548
20.261706
20.273472
20.304383
20.311747
20.292604
20.269059
20.292604
20.233779
20.207347
20.232310
20.244065
20.244065
20.252884
20.258765
20.248474
20.283772
20.302910
20.276415
20.273472
20.325008
20.313221
20.294076
20.305856
20.332378
20.317640
20.375161
20.410615
20.410615
20.317640
20.311747
20.345649
20.382543
20.354499
20.350074
20.261706
20.329430
20.280829
20.154557
20.247004
20.191207
20.169212
20.223497
20.277886
20.288187
20.257294
20.255824
20.263176
20.264647
20.292604
20.252884
20.273472
20.295548
20.304383
20.223497
20.241126
20.291131
20.311747
20.297020
20.316167
20.357450
20.348599
20.320587
20.258765
20.286716
20.338276
20.308801
20.261706
20.211751
20.288187
20.329430
20.336801
20.185340
20.144304
20.223497
20.198542
20.195608
20.214687
20.247004
20.252884
20.224966
20.223497
20.263176
20.307328
20.367780
20.350074
20.326482
20.338276
20.358925
20.322061
20.330904
20.308801
20.295548
20.244065
20.252884
20.258765
20.201477
20.150163
20.227903
20.285244
20.329430
20.305856
20.286716
20.211751
20.205880
20.195608
20.292604
20.273472
20.299965
20.233779
20.289659
20.255824
20.183873
20.202945
20.239656
20.285244
20.292604
20.236717
20.295548
20.297020
20.247004
20.277886
20.301438
20.295548
20.333852
20.299965
20.301438
20.269059
20.248474
20.264647
20.307328
20.317640
20.317640
20.245534
20.280829
20.288187
20.217624
20.295548
20.251414
20.202945
20.242595
20.217624
20.230841
20.214687
20.272001
20.291131
20.254354
20.285244
20.311747
20.339750
20.282301
20.261706
20.273472
20.289659
20.342699
20.348599
20.302910
20.344174
20.378114
20.297020
20.248474
20.245534
20.260235
20.249944
20.280829
20.254354
20.274943
20.201477
20.192674
20.185340
20.157488
20.183873
20.185340
20.239656
20.289659
20.202945
20.222029
20.249944
20.333852
20.288187
20.316167
20.304383
20.267588
20.286716
20.285244
20.329430
20.322061
20.285244
20.313221
20.355975
20.288187
20.341225
20.406181
20.401747
20.401747
20.325008
20.366304
20.369256
20.345649
20.270530
20.348599
20.322061
20.361877
20.329430
20.330904
20.299965
20.270530
20.247004
20.307328
20.314694
20.345649
20.358925
20.398792
20.339750
20.302910
20.310274
20.277886
20.364828
20.378114
20.400270
20.345649
20.223497
20.282301
20.299965
20.345649
20.316167
20.382543
20.355975
20.364828
20.357450
20.347124
20.344174
20.286716
20.242595
20.282301
20.277886
20.252884
20.247004
20.232310
20.279357
20.288187
20.376637
20.342699
20.316167
20.302910
20.255824
20.276415
20.266118
20.361877
20.292604
20.301438
20.311747
20.325008
20.333852
20.247004
20.292604
20.254354
20.274943
20.254354
20.239656
20.323535
20.308801
20.280829
20.329430
20.329430
20.283772
20.286716
20.319114
20.294076
20.270530
20.347124
20.299965
20.323535
20.283772
20.308801
20.338276
20.317640
20.350074
20.295548
20.317640
20.279357
20.299965
20.392882
20.355975
20.348599
20.338276
20.364828
20.347124
20.345649
20.254354
20.320587
20.355975
20.332378
20.322061
20.285244
20.266118
20.251414
20.217624
20.279357
20.379590
20.385497
20.392882
20.395837
20.367780
20.353024
20.327956
20.386974
20.347124
20.310274
20.327956
20.272001
20.249944
20.245534
20.244065
20.327956
20.332378
20.308801
20.295548
20.279357
20.235248
20.267588
20.305856
20.323535
20.329430
20.276415
20.272001
20.291131
20.295548
20.301438
20.288187
20.323535
20.305856
20.311747
20.330904
20.320587
20.333852
20.305856
20.311747
20.286716
20.245534
20.305856
20.285244
20.282301
20.297020
20.222029
20.223497
20.267588
20.247004
20.257294
20.226435
20.255824
20.226435
20.288187
20.241126
20.260235
20.241126
20.264647
20.313221
20.230841
20.242595
20.198542
20.264647
20.260235
20.251414
20.235248
20.258765
20.339750
20.347124
20.382543
20.336801
20.381067
20.409137
20.378114
20.344174
20.350074
20.263176
20.235248
20.298493
20.294076
20.264647
20.316167
20.316167
20.320587
20.277886
20.261706
20.249944
20.316167
20.280829
20.297020
20.280829
20.247004
20.205880
20.291131
20.279357
20.279357
20.285244
20.245534
20.247004
20.316167
20.254354
20.311747
20.211751
20.241126
20.325008
20.294076
20.311747
20.325008
20.412093
20.355975
20.345649
20.254354
20.297020
20.322061
20.289659
20.211751
20.276415
20.254354
20.219092
20.270530
20.297020
20.311747
20.297020
20.254354
20.258765
20.235248
20.292604
20.327956
20.358925
20.267588
20.258765
20.291131
20.299965
20.310274
20.305856
20.326482
20.295548
20.294076
20.336801
20.398792
20.361877
20.320587
20.386974
20.385497
20.342699
20.361877
20.335327
20.373684
20.397315
20.389928
20.357450
20.345649
20.320587
20.364828
20.353024
20.357450
20.364828
20.351549
20.338276
20.398792
20.381067
20.355975
20.220560
20.252884
20.260235
20.232310
20.304383
20.330904
20.392882
20.357450
20.298493
20.317640
20.279357
20.373684
20.420964
20.449073
20.348599
20.376637
20.403225
20.384020
20.314694
20.289659
20.302910
20.288187
20.335327
20.264647
20.330904
20.384020
20.391405
20.392882
20.354499
20.413572
20.398792
20.413572
20.358925
20.333852
20.376637
20.394360
20.404703
20.357450
20.370732
20.392882
20.342699
20.358925
20.342699
20.332378
20.307328
20.325008
20.322061
20.335327
20.304383
20.363352
20.282301
20.276415
20.317640
20.298493
20.358925
20.354499
20.398792
20.499442
20.483136
20.345649
20.415050
20.381067
20.378114
20.376637
20.197075
20.364828
20.378114
20.363352
20.323535
20.342699
20.355975
20.345649
20.370732
20.319114
20.322061
20.297020
20.313221
20.323535
20.266118
20.299965
20.269059
20.298493
20.301438
20.298493
20.314694
20.425401
20.378114
20.375161
20.301438
20.283772
20.344174
20.320587
20.364828
20.308801
20.310274
20.299965
20.302910
20.227903
20.366304
20.372208
20.391405
20.389928
20.391405
20.345649
20.297020
20.272001
20.422443
20.320587
20.364828
20.341225
20.329430
20.273472
20.239656
20.305856
20.339750
20.341225
20.214687
20.220560
20.276415
20.224966
20.258765
20.244065
20.288187
20.252884
20.238187
20.245534
20.283772
20.280829
20.251414
20.208815
20.270530
20.292604
20.245534
20.239656
20.277886
20.288187
20.263176
20.307328
20.266118
20.311747
20.302910
20.339750
20.292604
20.301438
20.288187
20.308801
20.244065
20.272001
20.277886
20.332378
20.320587
20.348599
20.338276
20.307328
20.326482
20.295548
20.305856
20.339750
20.274943
20.270530
20.266118
20.360401
20.304383
20.294076
20.229372
20.226435
20.213219
20.188273
20.207347
20.222029
20.276415
20.252884
20.247004
20.257294
20.279357
20.258765
20.222029
20.205880
20.191207
20.235248
20.223497
20.224966
20.304383
20.279357
20.319114
20.298493
20.366304
20.378114
20.301438
20.270530
20.216155
20.151628
20.214687
20.249944
20.291131
20.329430
20.297020
20.367780
20.382543
20.395837
20.364828
20.345649
20.322061
20.301438
20.254354
20.348599
20.319114
20.499442
20.325008
20.375161
20.375161
20.252884
20.255824
20.298493
20.314694
20.189740
20.116492
20.245534
20.227903
20.392882
20.400270
20.367780
20.367780
20.392882
20.375161
20.339750
20.339750
20.327956
20.288187
20.311747
20.285244
20.329430
20.326482
20.277886
20.330904
20.283772
20.320587
20.323535
20.251414
20.264647
20.269059
20.273472
20.304383
20.307328
20.305856
20.326482
20.307328
20.308801
20.295548
20.332378
20.327956
20.370732
20.357450
20.311747
20.269059
20.245534
20.257294
20.197075
20.195608
20.157488
20.180940
20.254354
20.302910
20.357450
20.401747
20.302910
20.366304
20.412093
20.363352
20.361877
20.338276
20.314694
20.286716
20.305856
20.345649
20.347124
20.397315
20.389928
20.381067
20.311747
20.311747
20.299965
20.344174
20.379590
20.351549
20.358925
20.305856
20.392882
20.422443
20.420964
20.416528
20.363352
20.425401
20.397315
20.367780
20.432796
20.418007
20.316167
20.323535
20.341225
20.415050
20.304383
20.361877
20.330904
20.357450
20.418007
20.412093
20.444633
20.392882
20.409137
20.366304
20.376637
20.364828
20.372208
20.329430
20.344174
20.373684
20.360401
20.388451
20.468321
20.456475
20.351549
20.384020
20.341225
20.360401
20.360401
20.320587
20.295548
20.270530
20.258765
20.264647
20.264647
20.244065
20.276415
20.302910
20.298493
20.302910
20.289659
20.304383
20.214687
20.301438
20.347124
20.308801
20.282301
20.229372
20.263176
20.329430
20.285244
20.232310
20.238187
20.230841
20.239656
20.219092
20.273472
20.224966
20.157488
20.223497
20.173609
20.239656
20.245534
20.270530
20.285244
20.310274
20.251414
20.186806
20.251414
20.191207
20.202945
20.223497
20.255824
20.311747
20.344174
20.295548
