Z[mm]=11.9; Vgall[m/s]=20.0; Fs[Hz]=1000.0; v_hwa[m/s]
20.885904
20.667847
20.769206
20.724445
20.884405
20.562390
20.926408
20.664871
20.826001
20.522387
20.757263
20.730409
20.803569
20.636615
20.644048
20.849948
20.654458
20.885904
20.890402
20.512025
20.935416
20.600964
20.436641
20.918903
20.354092
20.715501
20.776673
20.274716
20.849948
20.773686
20.672311
20.953441
20.538678
20.826001
20.614328
20.864924
20.743833
20.457315
20.700601
20.739358
20.624727
20.831986
20.534234
20.764727
20.917402
20.784141
20.855937
20.791612
20.652970
20.827497
20.727427
20.908399
20.543122
20.687197
20.482439
20.714011
20.675288
20.685708
20.629184
20.748309
20.513505
20.626212
20.727427
20.614328
20.882906
20.387968
20.778166
20.596510
20.526829
20.785635
20.672311
20.815530
20.654458
20.472091
20.764727
20.445499
20.796095
20.716992
20.867920
20.854440
20.638102
20.929410
20.691664
20.743833
20.854440
20.884405
20.849948
20.788623
20.712521
20.535715
20.679753
20.644048
20.714011
20.985011
20.621755
20.571287
20.805064
20.848450
20.700601
20.733392
20.716992
20.826001
20.641075
20.781154
21.111629
20.678264
20.617299
20.930911
20.676776
20.712521
20.834979
20.870917
20.647022
21.019626
20.198486
20.690175
20.603933
20.649996
20.811044
20.641075
20.552014
20.833482
20.673799
20.682730
20.500187
20.635129
20.820017
20.642562
20.852942
20.915901
20.472091
20.806559
20.890402
20.624727
20.706560
20.621755
20.709540
21.061822
21.070871
20.873914
20.951938
20.833482
20.848450
20.623241
20.872415
20.806559
20.881407
20.971477
20.873914
20.788623
20.769206
21.140343
20.991028
20.855937
20.957949
21.073888
20.724445
20.831986
20.893401
20.476526
20.794601
20.857435
20.760248
20.571287
20.654458
20.550532
20.411556
20.691664
20.611358
20.673799
20.652970
20.864924
20.860430
20.763234
20.948934
20.694643
20.851445
20.736375
20.714011
20.849948
20.516465
20.746817
20.876911
20.796095
20.706560
20.708050
20.821513
21.016615
20.761741
20.569804
20.641075
20.794601
20.779660
20.873914
20.519426
20.763234
20.531272
20.724445
20.696132
20.858933
20.584638
20.587605
20.578703
20.728918
20.730409
20.385020
20.684219
20.660408
20.878409
20.666359
20.377654
20.709540
20.769206
20.681242
20.828993
20.728918
20.840965
20.767713
20.818522
20.995542
20.842462
20.820017
20.797590
20.763234
20.644048
20.802074
20.494270
20.843959
20.615813
20.848450
21.018121
20.685708
20.902399
20.823009
20.648509
20.667847
20.827497
20.615813
20.790118
20.145831
20.618784
20.526829
20.863426
20.648509
20.924906
20.632157
20.638102
20.921904
20.614328
20.652970
20.730409
20.785635
20.894900
20.574253
20.834979
20.857435
20.843959
20.766220
20.878409
20.794601
20.632157
20.834979
20.716992
20.858933
20.736375
20.834979
20.846953
20.793106
20.806559
20.670823
20.688686
20.700601
20.449930
20.721464
20.684219
20.697622
20.700601
20.685708
20.752786
20.845456
20.525348
20.681242
20.887403
21.010592
20.472091
20.902399
20.831986
20.840965
20.605418
20.708050
21.079924
20.766220
20.852942
21.090488
20.950436
20.929410
20.791612
20.763234
20.900899
20.632157
20.827497
20.543122
20.800579
20.927909
20.918903
20.618784
20.666359
20.821513
20.721464
20.736375
20.676776
20.617299
20.725936
20.719973
20.926408
20.577220
21.178168
20.571287
21.082942
20.803569
20.682730
20.899399
20.495749
20.714011
20.600964
20.787129
20.861928
20.860430
20.864924
20.902399
20.693154
20.748309
20.846953
20.755771
20.688686
20.909899
20.815530
20.769206
20.912900
20.858933
20.914401
20.296743
20.885904
20.724445
21.018121
20.605418
20.930911
20.666359
20.902399
20.939921
20.748309
20.794601
20.891901
20.830489
20.767713
20.790118
20.719973
20.911400
20.945929
20.858933
20.702091
20.878409
20.688686
21.117671
20.569804
21.055790
20.629184
20.811044
20.876911
20.897899
20.672311
20.962457
20.712521
20.781154
20.743833
20.959452
20.785635
20.831986
20.806559
20.915901
20.581670
20.809549
20.864924
20.751293
20.584638
20.846953
20.679753
20.791612
20.845456
20.873914
20.745325
20.678264
20.817026
20.661895
20.861928
20.757263
20.757263
20.587605
20.510545
20.721464
20.725936
20.812540
20.751293
20.647022
20.714011
20.589089
20.754278
20.602448
20.962457
20.482439
20.596510
20.682730
20.888902
20.681242
20.712521
20.658920
20.546086
20.761741
20.736375
20.708050
20.740850
20.791612
20.727427
20.840965
20.455838
20.769206
20.936918
20.778166
20.506105
20.974484
20.452884
20.915901
20.796095
20.930911
20.767713
20.688686
20.945929
20.725936
20.423358
20.951938
20.606903
20.670823
20.930911
20.442546
20.911400
20.676776
20.790118
20.932413
20.694643
20.629184
20.982003
20.537196
20.509065
20.552014
20.869419
20.719973
20.693154
20.752786
20.407132
20.834979
20.696132
20.905399
20.550532
20.866422
20.630670
20.849948
20.461747
20.694643
20.808054
20.540159
20.727427
20.775179
20.404183
20.644048
20.812540
20.764727
20.763234
20.749801
20.615813
20.836475
20.485396
20.669335
20.572770
20.714011
20.597995
20.617299
20.575737
20.736375
20.682730
20.540159
20.664871
20.571287
20.608387
20.797590
20.758756
20.725936
20.370289
20.845456
20.560907
20.690175
20.824505
20.399760
20.802074
20.754278
20.748309
20.828993
20.694643
20.778166
20.788623
21.160006
20.475047
20.991028
20.258573
20.734883
20.651483
20.921904
20.888902
20.455838
20.679753
20.779660
20.839469
20.740850
20.790118
20.552014
20.649996
20.706560
20.590573
20.743833
20.658920
20.617299
20.802074
20.799084
20.566838
20.860430
20.736375
20.577220
20.909899
20.802074
20.609872
20.627698
20.830489
20.915901
20.614328
20.924906
20.374707
20.980499
20.649996
20.800579
20.737866
20.767713
20.455838
20.577220
20.805064
20.513505
20.781154
20.784141
20.658920
20.708050
20.803569
20.757263
20.642562
20.603933
20.667847
20.433689
20.504626
20.614328
20.734883
20.714011
20.546086
20.986515
20.682730
20.742341
20.908399
20.781154
20.787129
20.724445
20.888902
20.667847
20.661895
20.917402
20.781154
20.721464
20.703580
20.802074
20.590573
20.711030
20.652970
20.514985
20.382073
20.716992
20.512025
20.875412
20.442546
20.718482
20.675288
20.621755
20.528310
20.900899
20.587605
20.734883
20.896400
20.806559
20.826001
20.806559
20.818522
20.715501
20.679753
20.700601
20.840965
20.584638
20.770699
20.612843
20.684219
20.953441
20.790118
20.676776
20.770699
20.766220
20.784141
20.609872
20.974484
20.398285
20.725936
20.566838
20.929410
20.630670
20.696132
20.839469
20.635129
20.657433
20.615813
20.767713
20.417457
20.861928
20.554978
20.709540
20.534234
20.808054
20.779660
20.421883
20.903899
20.506105
20.890402
20.626212
20.751293
20.888902
20.647022
20.688686
20.596510
20.909899
20.562390
20.694643
20.618784
20.577220
20.560907
20.797590
20.945929
20.603933
20.820017
20.645535
20.770699
20.575737
20.739358
20.806559
20.575737
20.725936
20.685708
20.654458
20.694643
20.648509
20.605418
20.742341
20.791612
20.737866
20.714011
20.534234
20.881407
20.802074
20.694643
20.670823
20.688686
20.688686
20.595026
20.758756
20.869419
20.796095
20.712521
20.746817
20.866422
20.621755
20.544604
20.755771
20.820017
20.709540
20.520906
20.636615
20.694643
20.507585
20.608387
20.739358
20.693154
20.523868
20.566838
20.581670
20.642562
20.550532
20.954943
20.546086
20.620270
20.699111
20.885904
20.589089
20.485396
20.770699
20.763234
20.806559
21.206947
20.654458
20.565355
20.900899
20.452884
20.879908
20.711030
20.754278
20.673799
20.706560
20.451407
20.781154
20.658920
20.608387
20.843959
21.043731
20.148754
20.655945
20.936918
20.565355
20.641075
20.534234
20.675288
20.608387
20.663383
20.577220
20.854440
20.393863
20.764727
20.679753
20.705070
20.852942
20.392389
20.602448
20.805064
20.791612
20.685708
20.592057
20.709540
20.806559
20.620270
20.664871
20.712521
20.812540
20.664871
20.721464
20.727427
20.737866
20.615813
20.828993
20.705070
20.516465
20.730409
20.638102
20.749801
20.500187
20.563873
20.485396
20.486875
20.737866
20.614328
20.718482
20.712521
20.739358
20.547568
20.699111
20.531272
20.478004
20.679753
20.580187
20.866422
20.439593
20.583154
20.815530
20.626212
20.766220
20.446976
20.575737
20.580187
20.630670
20.540159
20.535715
20.699111
20.593542
20.655945
20.526829
20.632157
20.702091
20.491312
20.885904
20.414506
20.596510
20.119540
20.529791
20.597995
20.478004
20.749801
20.541641
20.565355
20.584638
20.429261
20.725936
20.652970
20.658920
20.655945
20.559425
20.897899
20.492791
20.448453
20.611358
20.655945
21.030170
20.229247
20.670823
20.534234
20.460270
20.751293
20.433689
20.633643
20.578703
20.757263
20.615813
20.652970
20.685708
20.445499
20.733392
20.433689
20.469135
20.401234
20.639588
20.305558
20.577220
20.498707
20.578703
20.586122
21.200886
20.577220
20.600964
20.587605
20.702091
20.627698
20.626212
20.705070
20.549050
20.547568
20.688686
20.590573
20.679753
20.649996
20.852942
20.451407
20.687197
20.696132
20.581670
20.716992
20.719973
20.667847
20.599479
20.800579
20.404183
20.553496
20.478004
20.552014
20.382073
20.572770
20.252706
20.534234
20.574253
20.479482
20.641075
20.647022
20.781154
20.632157
20.802074
20.603933
20.781154
20.754278
20.398285
20.399760
20.833482
20.754278
20.522387
20.395337
20.848450
20.605418
20.589089
20.751293
20.183850
20.626212
20.531272
20.614328
20.676776
20.578703
20.721464
20.673799
20.534234
20.694643
20.460270
20.470613
20.546086
20.280588
20.435165
20.797590
20.417457
20.595026
20.693154
20.571287
20.600964
20.432213
20.670823
20.516465
20.779660
20.433689
20.461747
20.663383
20.791612
20.592057
20.565355
20.627698
20.817026
20.718482
20.543122
20.636615
20.639588
20.586122
20.420407
20.737866
20.312907
20.834979
20.478004
20.599479
20.472091
20.664871
20.587605
20.699111
20.552014
20.716992
20.482439
20.663383
20.654458
20.550532
20.884405
20.541641
20.547568
20.282056
20.635129
20.605418
20.528310
20.506105
20.633643
20.546086
20.715501
20.745325
20.485396
20.843959
20.642562
20.641075
20.725936
20.778166
20.584638
20.546086
20.831986
20.483918
20.661895
20.724445
20.581670
20.672311
20.596510
20.655945
20.597995
20.492791
20.587605
20.617299
20.522387
20.743833
20.418932
20.830489
20.596510
20.675288
20.562390
20.413031
20.597995
20.612843
20.652970
20.655945
20.724445
20.831986
20.188240
20.755771
20.666359
20.757263
20.596510
20.775179
20.513505
20.535715
20.652970
20.584638
20.525348
20.770699
20.497228
20.676776
20.560907
20.796095
20.510545
20.714011
20.520906
20.870917
20.361453
20.578703
20.719973
20.630670
20.761741
20.687197
20.574253
20.543122
20.675288
20.831986
20.630670
20.513505
20.411556
20.794601
20.529791
20.805064
20.794601
20.706560
20.975987
20.432213
20.968470
20.451407
21.135808
20.386494
20.761741
20.660408
20.457315
20.516465
20.626212
20.725936
20.220455
20.682730
20.466180
20.663383
20.769206
20.560907
20.642562
20.721464
20.696132
20.427785
20.799084
20.549050
20.587605
20.655945
20.669335
21.040716
20.544604
20.827497
20.669335
20.745325
20.537196
20.466180
20.842462
20.805064
20.914401
20.452884
20.504626
20.734883
20.560907
20.547568
20.785635
20.531272
20.843959
20.687197
20.332021
20.799084
20.426309
20.848450
20.290867
20.377654
20.525348
20.535715
20.787129
20.549050
20.605418
20.520906
20.787129
20.467658
20.559425
20.912900
20.624727
20.593542
20.833482
20.581670
20.763234
20.550532
20.559425
20.706560
20.826001
20.664871
20.749801
20.788623
20.814035
20.772192
20.651483
20.793106
20.791612
20.517946
20.699111
20.676776
20.541641
20.930911
20.516465
20.748309
20.651483
20.569804
20.617299
20.479482
20.657433
20.725936
20.503146
20.644048
20.560907
20.519426
20.848450
20.817026
20.760248
20.722954
20.721464
20.614328
20.736375
20.702091
20.891901
20.956446
20.648509
21.120693
20.632157
20.752786
20.855937
20.751293
20.879908
20.648509
20.896400
20.501666
20.630670
20.902399
20.866422
20.715501
20.550532
20.948934
20.627698
20.544604
20.593542
20.553496
20.647022
20.679753
20.881407
20.814035
20.605418
20.791612
20.739358
20.675288
20.775179
20.820017
20.556460
20.803569
20.697622
20.749801
20.699111
20.978995
20.583154
20.790118
20.793106
20.905399
20.609872
20.858933
20.526829
20.667847
20.837972
20.864924
20.630670
20.790118
20.618784
20.793106
20.603933
20.742341
20.851445
20.666359
20.574253
20.696132
20.529791
20.748309
20.718482
20.497228
20.716992
20.678264
20.307028
20.648509
20.687197
20.605418
20.592057
20.911400
20.589089
20.727427
20.797590
20.667847
20.670823
20.805064
20.793106
20.767713
20.486875
20.401234
20.364398
20.636615
20.514985
20.480961
20.664871
20.681242
20.682730
20.624727
20.828993
20.488354
20.560907
20.764727
20.330550
20.743833
20.491312
20.708050
20.644048
20.667847
20.614328
20.603933
20.740850
20.731901
20.703580
20.843959
20.760248
20.754278
20.694643
20.827497
20.823009
20.831986
20.861928
20.669335
20.661895
20.700601
20.854440
20.630670
20.711030
20.878409
20.402708
20.454361
20.424834
20.894900
20.531272
20.700601
20.696132
20.301150
20.657433
20.556460
20.685708
20.444023
20.872415
20.790118
20.541641
20.751293
20.682730
20.645535
20.672311
20.623241
20.802074
20.544604
21.075397
20.815530
20.675288
20.581670
20.675288
20.812540
20.770699
20.568321
20.909899
21.184224
20.246839
20.614328
20.629184
20.702091
20.709540
20.803569
20.633643
20.679753
20.837972
20.609872
20.706560
20.703580
20.630670
20.519426
20.599479
20.568321
20.752786
20.633643
20.658920
20.875412
20.778166
20.709540
20.887403
20.277652
20.902399
20.638102
20.873914
20.873914
20.790118
20.763234
20.763234
20.739358
21.006076
20.584638
20.639588
20.743833
20.811044
20.769206
20.749801
20.737866
20.848450
20.597995
20.688686
20.627698
20.755771
20.836475
20.676776
20.770699
20.663383
20.757263
20.885904
20.752786
20.651483
20.420407
20.743833
20.909899
20.685708
20.761741
20.563873
20.797590
20.728918
20.817026
20.603933
20.770699
20.489833
20.734883
20.507585
20.927909
20.758756
20.791612
20.905399
20.897899
20.565355
20.672311
20.649996
20.740850
20.566838
20.617299
20.887403
20.478004
20.782647
20.887403
20.794601
20.590573
20.691664
20.755771
20.740850
20.641075
20.658920
20.696132
20.921904
20.728918
20.782647
20.782647
20.647022
20.629184
20.633643
20.513505
20.599479
20.849948
20.348205
20.664871
20.641075
20.641075
20.660408
20.811044
20.210201
20.712521
20.540159
20.803569
20.845456
20.018981
20.733392
20.586122
20.684219
20.638102
20.767713
20.302620
20.595026
20.828993
20.626212
20.578703
21.069363
20.463225
20.714011
20.645535
20.788623
20.785635
20.506105
20.950436
20.615813
20.706560
20.690175
20.767713
20.908399
20.658920
20.630670
20.724445
20.612843
20.833482
20.923405
20.396811
20.806559
20.568321
20.797590
20.635129
20.706560
20.725936
20.724445
20.639588
20.787129
20.445499
20.863426
20.510545
20.642562
20.498707
20.586122
20.630670
20.618784
20.706560
20.855937
20.863426
20.547568
20.936918
20.451407
20.760248
20.827497
20.802074
20.749801
20.864924
20.793106
20.587605
20.728918
20.903899
20.778166
20.808054
21.048252
20.603933
20.837972
20.852942
20.843959
20.945929
20.761741
21.119182
20.661895
20.851445
20.830489
21.015109
20.733392
20.803569
20.719973
20.944427
20.776673
20.719973
20.914401
20.754278
20.921904
20.864924
20.855937
20.872415
20.749801
21.001561
20.826001
20.694643
21.081433
20.755771
20.837972
20.448453
20.672311
20.972980
20.688686
20.766220
20.805064
20.923405
20.688686
20.944427
21.012098
20.787129
20.879908
20.997047
20.673799
20.915901
20.785635
20.679753
20.572770
20.930911
20.636615
20.611358
20.766220
20.547568
20.797590
20.661895
20.908399
20.525348
21.119182
20.575737
20.684219
20.684219
20.752786
20.857435
20.547568
20.719973
20.911400
20.620270
20.763234
20.740850
21.042223
20.712521
20.861928
20.873914
20.199950
20.694643
20.761741
20.657433
20.514985
20.584638
20.549050
21.093507
20.415982
20.575737
20.624727
20.715501
20.681242
20.660408
20.709540
20.751293
20.575737
20.480961
20.956446
20.479482
20.636615
20.633643
20.647022
20.834979
20.828993
20.746817
20.641075
20.864924
20.761741
20.848450
20.779660
20.772192
20.773686
21.060314
20.663383
20.920404
20.758756
20.608387
20.876911
20.702091
20.620270
20.758756
20.705070
20.703580
20.485396
20.702091
20.597995
20.566838
20.553496
20.603933
20.651483
20.737866
20.742341
20.694643
20.806559
20.676776
20.708050
20.694643
20.900899
20.840965
20.863426
20.549050
20.891901
20.788623
20.818522
20.566838
20.873914
20.575737
20.731901
21.004571
20.728918
20.648509
20.661895
20.644048
20.734883
20.661895
20.749801
20.887403
20.788623
20.648509
21.055790
20.583154
20.805064
20.682730
20.559425
20.639588
20.621755
20.617299
20.736375
21.231203
20.760248
20.593542
20.845456
20.494270
20.882906
20.690175
20.583154
20.881407
20.547568
20.694643
20.799084
20.641075
20.709540
21.037703
20.534234
20.899399
20.566838
20.736375
20.517946
20.924906
20.562390
20.742341
20.703580
20.608387
20.718482
20.708050
20.873914
20.648509
20.748309
20.641075
20.778166
20.742341
20.693154
20.818522
20.808054
20.855937
20.418932
20.600964
20.828993
20.796095
20.818522
20.809549
20.924906
20.609872
21.000056
20.658920
20.714011
20.778166
20.824505
20.805064
20.724445
20.834979
20.908399
20.580187
20.757263
20.863426
20.797590
20.705070
20.614328
20.873914
20.721464
20.441070
20.751293
20.596510
20.905399
20.472091
20.724445
20.791612
20.851445
20.824505
20.782647
20.811044
20.852942
20.699111
20.670823
20.778166
21.064838
20.606903
20.760248
20.893401
20.739358
20.782647
20.684219
20.791612
20.754278
20.950436
20.714011
20.778166
20.635129
20.657433
20.802074
20.498707
20.716992
20.556460
20.676776
20.611358
20.672311
20.660408
20.537196
20.676776
20.676776
20.749801
20.617299
20.632157
20.776673
20.566838
20.595026
20.559425
20.887403
20.342319
20.754278
20.639588
20.528310
20.630670
20.575737
20.651483
20.826001
20.682730
20.797590
20.843959
20.840965
20.349677
20.833482
20.476526
20.700601
20.623241
20.775179
20.520906
20.743833
20.833482
20.712521
20.929410
20.663383
20.617299
20.562390
20.586122
20.654458
20.578703
20.830489
20.489833
20.691664
20.854440
20.669335
20.590573
20.669335
20.872415
20.791612
20.731901
20.887403
20.709540
20.663383
20.782647
20.806559
20.571287
20.773686
20.781154
20.845456
20.733392
20.734883
20.652970
20.655945
20.737866
20.618784
20.812540
20.632157
20.782647
20.739358
20.658920
20.743833
20.752786
20.629184
20.843959
20.797590
20.473569
20.608387
20.676776
20.766220
20.644048
21.067854
20.302620
20.876911
20.486875
20.556460
20.715501
20.648509
20.562390
20.667847
20.912900
20.649996
20.854440
20.858933
20.799084
20.944427
20.736375
20.769206
20.755771
21.034689
20.715501
20.697622
20.823009
20.504626
20.746817
20.843959
20.734883
20.673799
20.751293
20.657433
20.833482
20.578703
20.851445
20.712521
20.648509
20.699111
20.699111
20.743833
20.788623
20.699111
20.635129
20.712521
20.657433
21.001561
20.651483
20.852942
20.824505
20.834979
20.968470
20.617299
20.836475
20.799084
20.734883
20.778166
20.498707
20.638102
20.708050
20.559425
20.849948
20.678264
20.781154
20.535715
20.618784
20.821513
20.678264
20.812540
20.657433
20.779660
20.102025
20.644048
20.942925
20.754278
20.894900
20.574253
20.501666
20.691664
20.849948
20.642562
20.848450
20.814035
20.630670
20.529791
20.767713
21.355826
20.552014
20.812540
20.716992
20.854440
20.772192
20.708050
20.626212
20.742341
20.565355
20.630670
20.764727
20.560907
20.702091
20.757263
20.817026
20.660408
20.691664
20.739358
20.629184
20.755771
20.661895
20.875412
20.479482
20.815530
20.702091
21.169086
20.626212
20.827497
20.593542
20.794601
20.998551
20.840965
20.661895
20.864924
20.956446
20.884405
20.580187
20.779660
20.873914
20.788623
20.870917
20.501666
20.814035
20.894900
20.669335
20.852942
20.627698
20.776673
20.790118
20.563873
20.866422
20.629184
20.626212
20.796095
20.492791
20.818522
20.608387
20.897899
20.644048
20.815530
20.782647
20.806559
20.794601
20.703580
20.696132
20.267377
20.727427
20.746817
20.929410
20.811044
20.554978
20.638102
20.737866
20.909899
20.648509
20.808054
20.755771
20.800579
20.864924
20.351149
20.642562
20.651483
20.694643
20.663383
20.531272
20.590573
20.632157
20.927909
20.902399
20.855937
20.743833
20.673799
20.770699
20.562390
20.633643
20.828993
20.636615
20.620270
20.761741
20.740850
20.725936
20.685708
20.673799
20.727427
20.693154
20.778166
20.828993
20.584638
20.401234
20.809549
20.537196
20.864924
20.725936
20.752786
20.752786
20.878409
20.715501
20.951938
20.870917
20.885904
20.852942
20.761741
20.803569
20.731901
20.737866
20.815530
20.645535
20.775179
20.743833
20.512025
20.572770
20.828993
20.445499
20.730409
20.863426
20.673799
20.772192
20.614328
20.784141
20.675288
20.915901
20.719973
20.818522
20.673799
20.894900
20.854440
20.742341
20.857435
20.635129
20.724445
20.727427
20.864924
20.745325
20.402708
20.696132
20.812540
20.855937
20.743833
21.093507
20.494270
20.808054
20.455838
20.818522
20.638102
20.790118
20.788623
20.685708
20.673799
20.800579
20.736375
20.864924
20.510545
20.743833
20.899399
20.745325
20.799084
20.773686
20.725936
20.740850
21.073888
20.663383
20.866422
20.787129
20.755771
20.760248
20.775179
20.651483
20.803569
20.623241
20.820017
20.736375
20.791612
20.633643
20.724445
20.663383
20.770699
20.661895
20.685708
20.812540
20.736375
20.793106
20.669335
20.537196
20.751293
20.788623
20.721464
20.679753
20.988019
20.676776
20.722954
20.654458
20.815530
20.645535
20.722954
20.652970
20.863426
20.716992
20.745325
20.828993
20.806559
20.896400
20.728918
20.957949
20.782647
20.858933
20.722954
20.736375
20.666359
20.773686
20.606903
20.694643
20.574253
20.670823
20.840965
20.778166
20.649996
20.766220
20.664871
20.773686
20.549050
20.739358
20.875412
20.667847
20.893401
20.809549
20.790118
20.693154
20.651483
20.605418
20.660408
20.454361
20.781154
20.802074
20.855937
20.882906
20.837972
20.757263
20.754278
20.687197
20.799084
20.828993
20.367343
20.884405
20.608387
20.615813
20.837972
20.550532
20.699111
20.660408
20.764727
20.572770
20.632157
20.752786
20.776673
20.661895
20.791612
20.517946
20.837972
20.730409
20.414506
20.876911
20.571287
20.814035
20.767713
20.748309
20.800579
20.932413
20.685708
20.914401
20.592057
20.654458
20.615813
20.734883
20.632157
20.525348
20.876911
20.638102
20.845456
20.977491
20.748309
20.773686
20.608387
20.884405
20.784141
20.342319
20.848450
20.815530
20.727427
20.852942
20.681242
20.938419
20.790118
20.914401
20.992533
20.712521
20.947431
20.926408
20.805064
20.921904
21.605091
20.648509
20.667847
20.781154
20.754278
20.882906
20.914401
20.972980
20.722954
20.614328
20.887403
20.709540
20.778166
20.875412
20.688686
20.879908
20.763234
20.840965
20.754278
20.878409
20.826001
20.920404
20.503146
20.728918
20.846953
20.740850
20.866422
20.914401
20.881407
20.872415
20.834979
20.866422
20.882906
20.709540
20.687197
20.694643
20.893401
20.848450
20.867920
20.805064
20.900899
20.888902
20.894900
20.905399
20.830489
20.848450
20.728918
20.799084
20.745325
20.757263
20.846953
20.824505
20.690175
20.817026
20.849948
20.870917
20.929410
20.826001
20.972980
20.947431
20.731901
20.860430
20.837972
20.770699
20.641075
20.920404
20.563873
20.751293
20.831986
20.787129
20.872415
20.923405
20.831986
20.824505
20.763234
20.790118
20.831986
20.854440
20.760248
20.740850
20.849948
20.805064
20.882906
20.624727
20.785635
21.137319
20.169221
20.799084
20.866422
20.687197
20.574253
20.664871
20.746817
20.500187
20.793106
20.799084
20.845456
20.614328
20.626212
20.917402
20.611358
20.936918
20.752786
20.817026
20.773686
20.736375
20.817026
20.887403
20.635129
20.846953
20.712521
20.866422
20.794601
20.935416
20.968470
20.593542
20.797590
20.727427
20.699111
20.897899
20.669335
20.670823
20.915901
20.606903
20.699111
20.800579
20.693154
20.577220
20.681242
20.581670
20.965464
20.569804
20.963960
20.769206
20.608387
20.840965
20.799084
20.986515
20.719973
20.562390
20.700601
20.670823
20.663383
20.690175
20.977491
20.520906
20.718482
20.742341
20.454361
20.935416
20.501666
20.875412
20.675288
20.602448
20.730409
20.855937
20.581670
20.718482
20.652970
20.763234
20.479482
20.658920
20.644048
20.721464
20.584638
20.652970
20.658920
20.618784
20.728918
20.714011
20.682730
20.715501
20.737866
20.923405
20.775179
20.691664
20.796095
20.743833
20.760248
20.678264
20.678264
21.025651
20.602448
20.933914
20.554978
20.568321
20.722954
20.685708
20.727427
20.417457
20.721464
20.948934
20.629184
20.543122
20.754278
20.803569
20.709540
20.693154
20.528310
20.673799
20.053917
20.988019
20.754278
20.500187
20.392389
20.621755
20.805064
20.546086
20.767713
20.754278
20.489833
20.725936
20.693154
20.709540
20.821513
20.721464
20.185313
21.131272
20.295274
20.775179
20.736375
20.742341
20.560907
20.746817
20.745325
20.734883
20.550532
20.620270
20.827497
21.007582
20.606903
20.706560
20.295274
20.575737
20.565355
20.623241
20.834979
20.292336
20.691664
20.718482
20.733392
20.870917
20.624727
20.721464
20.826001
20.703580
20.575737
20.714011
20.719973
20.740850
20.658920
20.682730
20.590573
20.781154
20.872415
20.881407
20.848450
21.031676
20.615813
20.693154
20.603933
20.817026
20.552014
20.621755
20.620270
20.731901
20.620270
20.543122
20.700601
20.700601
20.769206
20.808054
20.821513
20.972980
20.557943
20.827497
20.926408
20.814035
20.826001
20.797590
20.486875
20.773686
20.855937
20.685708
20.739358
20.968470
20.458792
20.578703
21.033183
20.600964
20.885904
21.028663
20.818522
20.715501
20.700601
20.782647
20.660408
20.878409
20.855937
20.854440
20.647022
20.770699
20.711030
20.590573
20.778166
20.552014
20.787129
20.670823
20.775179
20.532753
20.740850
20.828993
20.875412
20.476526
20.670823
20.517946
20.994037
20.245373
20.761741
20.890402
20.666359
20.617299
20.736375
20.849948
20.781154
20.678264
20.697622
20.773686
20.639588
20.805064
20.693154
20.793106
20.678264
20.569804
20.808054
20.749801
20.251239
20.569804
20.864924
20.700601
20.569804
20.649996
20.879908
20.302620
20.670823
20.773686
20.700601
20.828993
20.752786
20.590573
20.888902
20.448453
20.908399
20.520906
20.629184
21.034689
20.727427
20.754278
20.410082
20.737866
20.746817
20.716992
20.620270
20.932413
20.621755
20.371761
20.817026
20.749801
20.727427
20.413031
20.572770
20.945929
20.503146
20.600964
20.879908
20.563873
20.763234
20.575737
20.869419
20.235110
20.661895
20.583154
20.721464
20.684219
20.681242
20.722954
20.808054
20.663383
20.724445
20.694643
20.809549
20.464702
20.626212
20.826001
20.872415
20.769206
20.649996
20.581670
20.660408
20.743833
20.766220
20.766220
20.809549
20.559425
20.782647
20.632157
20.900899
20.603933
20.654458
20.905399
20.652970
20.839469
20.776673
20.739358
20.620270
20.706560
20.739358
20.693154
20.647022
20.651483
20.893401
20.541641
20.725936
20.676776
20.728918
20.751293
20.603933
20.921904
20.834979
20.578703
20.972980
20.761741
20.712521
20.597995
20.876911
20.629184
20.519426
20.800579
20.641075
20.486875
20.489833
20.876911
20.814035
20.620270
20.562390
20.540159
20.766220
20.583154
20.620270
20.699111
20.441070
20.503146
20.571287
20.572770
20.647022
20.716992
20.821513
20.697622
20.772192
20.574253
20.876911
20.571287
20.817026
20.615813
20.864924
20.413031
20.842462
20.703580
20.852942
20.724445
20.814035
20.586122
20.878409
20.421883
20.814035
20.464702
20.516465
20.733392
20.908399
20.348205
20.705070
20.682730
20.654458
20.635129
20.663383
20.611358
20.718482
20.696132
20.715501
20.776673
20.737866
20.833482
20.852942
20.609872
20.812540
20.719973
20.690175
20.534234
20.657433
20.667847
20.806559
20.784141
20.636615
20.852942
20.730409
20.706560
20.788623
20.820017
20.849948
20.679753
20.632157
20.956446
20.700601
20.287930
20.712521
20.745325
20.812540
20.721464
20.751293
20.696132
20.495749
20.826001
20.575737
20.626212
20.661895
20.779660
20.687197
20.609872
20.797590
20.702091
20.743833
20.758756
20.676776
20.770699
20.791612
20.699111
20.673799
20.791612
20.733392
20.688686
20.788623
20.758756
20.708050
20.716992
20.894900
20.466180
20.734883
20.697622
20.803569
20.577220
20.888902
20.652970
20.398285
20.796095
20.681242
20.554978
20.882906
20.615813
20.846953
20.632157
20.903899
20.864924
20.839469
20.748309
20.803569
20.951938
20.644048
20.938419
20.852942
20.737866
20.864924
20.909899
20.649996
20.962457
20.905399
20.869419
20.712521
20.861928
21.016615
20.663383
20.830489
20.848450
21.039210
20.757263
20.784141
20.956446
20.654458
20.781154
20.769206
20.569804
20.751293
20.736375
20.463225
20.711030
20.718482
20.553496
20.740850
20.589089
20.849948
20.714011
20.578703
20.826001
20.757263
20.800579
20.763234
20.754278
20.869419
20.828993
20.836475
20.808054
20.968470
20.603933
20.923405
20.772192
20.809549
20.858933
20.784141
20.827497
20.827497
20.791612
20.846953
20.691664
20.906899
20.802074
20.736375
20.712521
20.802074
20.516465
20.770699
20.667847
20.778166
20.776673
20.641075
20.734883
20.881407
20.788623
20.586122
20.649996
20.893401
20.678264
20.766220
20.644048
20.857435
20.861928
20.772192
20.929410
20.808054
20.763234
20.912900
20.779660
20.852942
20.766220
20.600964
20.784141
20.924906
20.869419
20.552014
20.808054
20.708050
20.733392
20.754278
20.837972
20.796095
20.685708
20.800579
20.751293
20.799084
20.379127
20.927909
20.549050
20.818522
20.824505
20.821513
20.733392
20.763234
20.800579
20.687197
21.152442
20.433689
20.660408
20.870917
20.770699
20.968470
20.531272
20.921904
20.852942
20.831986
20.814035
20.608387
20.670823
20.606903
20.670823
20.977491
20.730409
20.758756
20.728918
20.541641
20.666359
20.611358
20.855937
20.596510
20.767713
20.772192
20.657433
20.626212
20.817026
20.770699
20.763234
20.802074
20.681242
20.752786
20.664871
20.742341
20.754278
20.611358
20.600964
20.721464
20.863426
20.799084
20.578703
20.899399
20.402708
20.745325
20.342319
20.911400
20.590573
20.526829
20.808054
20.342319
20.623241
20.529791
20.876911
20.642562
20.624727
20.845456
20.676776
20.673799
20.752786
20.476526
20.811044
20.670823
20.673799
20.718482
20.711030
20.796095
20.824505
20.763234
20.888902
20.587605
20.685708
20.639588
20.636615
20.663383
20.833482
20.725936
20.921904
20.867920
20.439593
20.906899
20.617299
20.593542
20.716992
20.787129
20.415982
20.794601
20.513505
20.612843
20.618784
20.568321
20.935416
20.519426
20.664871
20.803569
20.587605
20.519426
20.552014
20.642562
20.893401
20.745325
20.728918
20.405657
20.722954
20.908399
20.676776
20.606903
20.811044
20.870917
20.740850
20.728918
20.742341
20.932413
20.818522
20.534234
20.809549
20.784141
20.739358
20.866422
20.651483
20.714011
20.870917
20.772192
20.702091
20.799084
20.711030
20.763234
20.730409
20.863426
20.478004
20.670823
20.618784
20.954943
20.569804
20.367343
20.702091
20.787129
20.639588
20.605418
20.785635
20.660408
20.790118
20.587605
20.758756
20.773686
20.489833
20.563873
20.670823
20.500187
20.708050
20.636615
20.673799
20.685708
20.639588
20.254172
20.554978
20.730409
20.529791
20.663383
20.678264
20.669335
20.770699
20.785635
20.439593
20.685708
20.763234
20.645535
20.779660
20.612843
20.608387
20.781154
20.638102
20.866422
20.522387
20.544604
20.776673
20.661895
20.655945
20.740850
20.623241
20.863426
20.796095
20.700601
20.831986
20.722954
20.936918
20.855937
20.714011
20.566838
20.764727
20.655945
20.702091
20.826001
20.621755
21.066346
20.495749
20.498707
20.703580
20.368816
20.630670
20.593542
20.803569
20.649996
20.833482
20.600964
20.932413
20.522387
20.645535
20.779660
20.748309
20.802074
20.642562
20.480961
20.685708
20.959452
20.796095
20.638102
20.833482
20.782647
20.757263
20.968470
20.580187
20.852942
20.565355
20.697622
20.666359
20.781154
20.752786
20.632157
20.633643
20.669335
20.495749
20.630670
20.586122
20.670823
20.790118
20.688686
20.817026
20.660408
20.672311
20.806559
20.740850
20.590573
20.593542
20.755771
20.782647
20.669335
20.814035
20.557943
20.699111
20.724445
21.052775
20.483918
20.724445
20.884405
20.672311
20.685708
20.766220
20.492791
20.639588
20.690175
20.525348
20.504626
20.802074
20.454361
20.746817
20.433689
20.863426
20.383547
20.661895
20.766220
20.711030
20.743833
20.569804
20.597995
21.048252
20.975987
20.982003
21.078415
21.090488
20.882906
20.878409
20.823009
20.927909
20.773686
21.006076
20.694643
20.578703
20.896400
20.472091
20.333492
20.541641
20.806559
20.498707
20.507585
20.355564
20.678264
20.396811
20.950436
20.492791
20.446976
20.700601
20.897899
20.525348
20.569804
20.673799
21.025651
20.051004
20.608387
20.800579
20.820017
20.772192
20.800579
20.739358
20.903899
20.742341
20.733392
20.587605
20.953441
21.202401
20.651483
20.849948
20.663383
21.149417
20.531272
20.569804
20.882906
20.635129
20.831986
20.376180
20.658920
20.609872
20.766220
20.700601
20.639588
20.754278
20.703580
20.749801
20.782647
20.532753
20.803569
20.682730
20.878409
20.528310
20.703580
20.843959
20.724445
20.681242
21.006076
20.623241
20.706560
20.685708
20.802074
20.714011
20.763234
20.878409
21.054282
20.606903
20.752786
20.989524
20.737866
20.884405
20.676776
20.876911
20.682730
21.073888
20.652970
20.737866
20.873914
20.885904
20.685708
20.630670
20.725936
20.709540
20.633643
20.831986
20.370289
20.714011
20.602448
20.642562
20.725936
20.809549
20.706560
20.972980
20.595026
20.606903
20.552014
20.909899
20.500187
20.739358
20.749801
20.769206
20.837972
20.560907
20.682730
20.675288
20.688686
20.766220
20.748309
20.746817
20.503146
20.658920
20.808054
20.769206
20.633643
20.712521
20.727427
20.611358
20.679753
20.696132
20.806559
20.842462
20.794601
21.028663
20.309967
20.748309
20.727427
20.733392
20.672311
20.691664
20.781154
20.861928
20.571287
20.778166
20.840965
20.736375
20.811044
20.501666
20.654458
20.875412
20.617299
20.969973
20.784141
20.227781
20.752786
20.739358
20.617299
20.858933
20.618784
20.494270
20.531272
20.639588
20.651483
20.711030
20.784141
20.737866
20.736375
20.763234
20.636615
20.632157
20.730409
20.730409
20.590573
20.763234
20.766220
20.651483
20.706560
20.962457
20.415982
20.586122
20.788623
20.769206
20.660408
20.742341
20.755771
20.864924
20.941423
20.718482
20.894900
20.905399
20.730409
20.657433
20.595026
20.842462
20.494270
20.552014
21.031676
20.421883
20.655945
20.693154
20.620270
20.711030
20.749801
20.939921
20.547568
20.346733
20.664871
20.669335
20.881407
20.621755
20.749801
20.769206
20.629184
20.620270
20.764727
20.587605
20.812540
20.265910
21.060314
20.647022
20.766220
20.739358
20.893401
20.843959
20.722954
20.995542
20.596510
20.574253
20.869419
20.498707
20.824505
20.647022
20.884405
20.736375
20.982003
20.509065
20.839469
20.982003
20.742341
20.882906
20.814035
20.772192
20.569804
20.587605
20.702091
20.764727
20.857435
20.495749
20.712521
20.890402
20.823009
20.229247
20.760248
20.661895
20.615813
20.708050
20.590573
20.833482
20.869419
20.516465
20.614328
20.550532
20.586122
20.821513
20.503146
20.549050
20.600964
20.691664
20.703580
20.652970
20.693154
20.761741
20.694643
20.746817
20.706560
20.664871
20.830489
20.630670
20.742341
20.900899
20.586122
20.751293
20.821513
20.790118
20.823009
20.708050
20.740850
20.751293
20.814035
20.697622
20.581670
21.052775
20.410082
20.703580
21.407650
20.495749
20.745325
20.887403
20.708050
20.699111
20.923405
20.485396
20.595026
21.042223
20.252706
20.678264
20.618784
20.690175
20.427785
20.811044
20.681242
20.641075
20.740850
20.722954
20.917402
20.470613
20.814035
20.893401
20.977491
20.660408
20.941423
20.826001
20.879908
20.758756
20.812540
20.685708
20.766220
20.855937
20.667847
21.036196
20.339376
21.024144
20.647022
20.731901
21.184224
20.636615
20.875412
20.828993
20.991028
20.776673
20.791612
20.903899
20.739358
20.885904
20.782647
20.823009
20.757263
20.787129
20.809549
20.711030
20.712521
20.803569
20.884405
20.833482
20.359981
20.516465
20.796095
20.718482
20.580187
20.805064
20.764727
20.540159
20.784141
20.734883
20.800579
20.645535
20.882906
20.821513
20.550532
20.633643
20.617299
20.864924
20.757263
20.752786
20.703580
20.843959
20.614328
20.679753
20.504626
20.584638
20.654458
20.932413
20.574253
20.614328
20.672311
20.929410
20.776673
20.791612
20.589089
20.754278
20.737866
20.796095
20.879908
20.708050
20.699111
20.512025
20.746817
20.556460
20.657433
20.645535
21.052775
20.658920
20.560907
20.905399
20.837972
20.884405
20.491312
20.700601
20.796095
20.703580
20.805064
20.968470
20.597995
20.584638
20.740850
20.785635
20.715501
20.658920
20.593542
20.742341
20.478004
20.730409
20.664871
20.799084
20.661895
21.034689
20.716992
20.711030
20.782647
20.849948
20.830489
20.693154
20.851445
20.703580
20.593542
20.652970
20.722954
20.298212
20.728918
20.932413
20.714011
20.685708
20.743833
20.797590
20.597995
20.664871
20.894900
20.572770
20.504626
20.644048
20.627698
20.912900
20.483918
20.722954
20.688686
20.318787
20.580187
20.679753
20.769206
20.888902
20.553496
20.676776
20.612843
20.878409
20.942925
20.900899
20.376180
20.988019
20.672311
20.543122
20.688686
20.924906
20.638102
20.788623
20.691664
20.763234
20.638102
20.785635
20.549050
20.492791
20.775179
20.645535
20.887403
20.525348
20.688686
20.620270
20.770699
20.670823
20.785635
20.589089
20.599479
20.757263
20.836475
20.587605
20.787129
20.688686
20.852942
20.748309
20.724445
20.714011
20.734883
20.657433
20.956446
20.894900
20.760248
20.903899
20.581670
20.863426
20.667847
20.808054
20.790118
20.464702
20.797590
20.503146
20.912900
20.635129
20.915901
20.670823
20.724445
20.678264
20.538678
20.800579
20.595026
20.760248
20.724445
20.737866
20.624727
20.727427
20.875412
20.661895
20.739358
20.751293
20.733392
21.078415
20.408607
20.858933
20.417457
20.878409
20.779660
20.679753
21.134296
20.351149
20.593542
20.678264
20.852942
20.820017
20.828993
20.773686
20.546086
20.566838
20.293805
20.673799
20.739358
20.740850
20.595026
20.703580
20.760248
20.373234
20.788623
20.485396
20.638102
20.905399
20.775179
20.833482
20.676776
20.770699
20.608387
20.787129
20.754278
20.842462
20.879908
20.580187
20.766220
20.660408
20.755771
20.737866
20.670823
20.743833
20.860430
20.875412
20.817026
20.994037
20.590573
20.592057
20.596510
20.773686
20.467658
20.960954
20.352620
20.596510
20.867920
16.801058
20.864924
20.478004
21.336034
20.667847
20.611358
20.828993
20.766220
20.600964
20.899399
20.727427
20.787129
20.632157
20.811044
20.863426
20.785635
20.808054
20.522387
20.761741
20.691664
20.870917
20.557943
20.685708
21.057298
20.138525
20.699111
20.546086
20.673799
20.776673
20.636615
20.569804
20.512025
20.651483
20.736375
20.703580
20.770699
20.834979
20.736375
20.694643
20.560907
20.699111
20.457315
20.557943
20.445499
20.708050
20.587605
20.855937
20.427785
20.739358
20.820017
20.830489
20.848450
20.836475
20.532753
20.846953
20.658920
20.849948
20.782647
20.293805
20.719973
20.802074
20.696132
20.861928
20.727427
20.785635
20.870917
20.398285
20.902399
20.526829
20.788623
20.699111
20.647022
20.861928
20.435165
20.697622
20.749801
20.560907
20.706560
20.672311
20.323198
20.620270
20.721464
20.702091
20.507585
20.733392
20.520906
20.731901
20.495749
20.354092
20.651483
20.534234
20.669335
21.308651
20.413031
20.769206
20.803569
20.452884
20.699111
20.716992
20.612843
20.700601
20.433689
20.802074
20.651483
20.697622
20.820017
20.719973
20.994037
20.609872
20.644048
20.805064
20.572770
20.911400
20.578703
20.711030
20.652970
20.693154
20.534234
20.757263
20.764727
20.540159
20.820017
20.543122
20.708050
20.708050
20.441070
20.938419
20.703580
20.396811
20.644048
20.560907
20.661895
20.731901
20.779660
20.676776
20.125380
20.609872
20.652970
20.685708
20.658920
20.785635
20.644048
20.666359
20.627698
20.649996
20.791612
20.805064
20.733392
20.800579
20.702091
20.718482
20.657433
20.670823
20.754278
20.702091
20.574253
20.718482
21.000056
20.495749
21.022638
20.812540
20.540159
20.927909
20.583154
20.776673
20.909899
20.805064
20.764727
20.806559
20.621755
20.652970
20.589089
20.599479
20.699111
20.863426
20.624727
20.663383
20.802074
20.833482
20.599479
20.730409
20.769206
20.664871
20.652970
20.995542
20.621755
20.775179
20.705070
20.905399
20.691664
20.846953
20.685708
20.742341
20.800579
20.525348
20.748309
20.833482
20.572770
20.972980
20.655945
20.684219
20.761741
20.882906
20.693154
20.791612
20.673799
20.869419
20.909899
20.778166
20.779660
20.899399
20.828993
20.526829
20.860430
20.714011
20.830489
20.722954
20.828993
20.531272
20.848450
20.769206
20.754278
20.751293
20.802074
20.708050
20.876911
20.863426
20.621755
20.770699
20.755771
20.746817
20.837972
20.715501
20.864924
20.796095
20.603933
20.885904
20.687197
21.003066
20.596510
20.840965
20.902399
20.583154
20.912900
20.673799
20.649996
20.817026
20.845456
19.982635
20.664871
20.365871
20.796095
20.727427
20.669335
20.638102
20.890402
21.001561
20.572770
20.563873
20.800579
20.687197
20.685708
20.755771
20.791612
20.815530
20.905399
20.782647
20.941423
20.633643
20.712521
20.667847
20.808054
21.033183
20.688686
20.697622
20.812540
20.806559
20.900899
20.803569
20.963960
20.718482
20.669335
20.635129
20.531272
20.808054
20.927909
20.593542
20.519426
20.712521
20.486875
20.821513
20.715501
20.528310
20.690175
20.528310
20.627698
20.845456
20.648509
20.745325
20.748309
20.763234
20.645535
20.808054
20.737866
20.647022
20.614328
20.824505
20.642562
20.808054
20.641075
20.629184
20.790118
20.483918
20.736375
20.614328
20.647022
20.660408
20.605418
20.679753
20.633643
20.423358
20.554978
20.869419
20.537196
20.773686
20.773686
20.715501
20.840965
20.679753
20.682730
20.803569
20.523868
20.461747
20.767713
20.758756
20.606903
20.896400
20.565355
20.808054
20.603933
20.611358
20.840965
20.746817
20.778166
20.405657
20.782647
20.734883
20.909899
20.693154
20.544604
20.873914
20.535715
20.837972
20.764727
20.782647
20.627698
20.575737
21.030170
20.580187
20.553496
20.784141
20.724445
20.596510
20.641075
20.728918
20.736375
20.864924
20.571287
20.512025
20.811044
20.664871
20.675288
20.869419
20.920404
20.790118
20.785635
20.854440
20.959452
20.649996
21.107097
20.767713
20.721464
20.923405
20.929410
20.547568
20.787129
20.629184
20.881407
20.042267
20.655945
20.549050
20.541641
20.648509
20.673799
20.755771
20.691664
20.614328
20.693154
20.745325
20.779660
20.700601
20.379127
20.845456
20.526829
20.733392
21.015109
20.699111
20.806559
20.737866
20.690175
20.947431
20.657433
20.896400
20.664871
20.773686
20.818522
20.639588
20.848450
20.775179
20.586122
20.893401
20.808054
20.821513
20.791612
20.833482
20.820017
20.608387
20.724445
20.927909
20.488354
20.782647
20.667847
20.620270
20.599479
20.621755
20.544604
20.664871
20.703580
20.476526
20.728918
20.887403
20.483918
20.699111
20.571287
20.799084
20.867920
20.997047
20.580187
20.966967
20.660408
20.845456
21.072380
20.836475
20.824505
20.620270
20.905399
20.995542
20.772192
20.740850
20.879908
20.833482
20.858933
20.661895
20.761741
20.734883
20.575737
20.461747
20.687197
20.590573
20.733392
20.709540
20.697622
20.754278
20.737866
20.696132
20.893401
20.809549
20.823009
20.764727
20.951938
20.863426
20.915901
20.989524
20.761741
20.785635
20.709540
20.781154
20.870917
20.799084
20.775179
20.915901
20.603933
20.754278
20.649996
20.617299
20.796095
20.743833
20.483918
20.812540
20.772192
20.767713
20.826001
20.697622
20.553496
20.663383
20.800579
20.688686
20.764727
20.779660
20.876911
20.553496
20.875412
20.730409
20.755771
20.699111
20.803569
20.998551
20.452884
20.803569
20.745325
20.778166
20.975987
20.846953
20.772192
20.861928
20.785635
20.959452
20.872415
20.624727
20.769206
20.547568
20.811044
20.609872
20.583154
20.855937
20.532753
20.609872
20.608387
20.745325
20.685708
20.764727
20.620270
20.711030
20.574253
20.837972
20.755771
20.504626
20.906899
20.803569
20.843959
20.731901
20.736375
20.755771
20.788623
20.583154
20.681242
20.772192
20.593542
20.690175
20.858933
20.716992
20.538678
20.876911
20.712521
20.929410
20.806559
20.605418
20.809549
20.578703
20.647022
20.718482
20.785635
20.682730
20.755771
20.751293
20.657433
20.736375
20.784141
20.415982
20.737866
20.672311
20.820017
20.626212
20.626212
20.609872
20.824505
20.870917
20.781154
20.863426
20.803569
20.563873
20.824505
20.773686
20.537196
20.681242
20.831986
20.733392
20.855937
20.337905
20.836475
20.812540
20.486875
20.899399
20.666359
20.797590
20.718482
20.870917
20.773686
20.809549
20.818522
20.893401
20.667847
20.902399
20.374707
20.608387
20.951938
20.724445
20.876911
20.791612
20.676776
20.814035
20.749801
20.731901
20.887403
20.599479
20.666359
20.884405
20.745325
20.790118
20.900899
20.708050
20.884405
20.985011
20.691664
20.821513
20.929410
20.654458
20.784141
20.760248
20.796095
20.709540
20.854440
20.647022
20.620270
20.796095
20.905399
20.711030
20.751293
20.702091
20.661895
20.724445
20.977491
20.354092
20.673799
20.799084
20.742341
20.857435
20.867920
20.687197
20.775179
20.641075
20.842462
20.709540
20.679753
20.752786
20.696132
20.867920
20.718482
20.923405
20.872415
20.770699
20.857435
20.547568
20.787129
20.800579
20.718482
20.914401
20.805064
20.894900
20.773686
20.730409
20.748309
20.791612
20.664871
20.718482
20.775179
20.590573
20.803569
20.676776
20.614328
20.944427
20.597995
20.728918
20.802074
21.040716
20.846953
20.715501
20.896400
20.641075
20.954943
20.712521
20.737866
20.793106
20.757263
20.811044
20.818522
20.906899
20.621755
20.621755
20.909899
20.800579
20.881407
20.719973
20.893401
20.709540
20.614328
20.764727
20.676776
20.569804
20.733392
20.672311
20.676776
20.644048
20.800579
20.785635
20.875412
20.712521
20.264442
20.718482
20.740850
20.580187
20.351149
20.470613
20.694643
20.764727
20.534234
20.826001
20.627698
20.855937
20.814035
20.778166
20.679753
20.760248
20.699111
20.731901
20.691664
20.858933
20.736375
20.644048
20.793106
20.966967
20.870917
20.975987
20.800579
20.448453
20.702091
20.709540
20.830489
20.697622
20.368816
20.642562
20.749801
20.748309
20.881407
20.814035
20.933914
20.897899
21.054282
20.905399
20.920404
20.897899
20.814035
20.879908
20.722954
21.060314
20.875412
20.714011
20.790118
20.858933
20.831986
20.900899
20.971477
20.957949
20.814035
20.857435
20.802074
20.758756
20.936918
20.815530
20.926408
20.782647
20.740850
20.911400
20.772192
20.826001
20.728918
20.876911
20.920404
20.840965
20.712521
20.866422
20.890402
20.733392
20.975987
20.927909
20.775179
20.899399
20.867920
20.821513
20.620270
20.814035
20.699111
20.776673
20.794601
20.761741
20.875412
20.773686
20.864924
20.715501
20.763234
20.935416
20.745325
20.982003
20.857435
20.858933
20.873914
20.818522
20.852942
20.728918
20.673799
20.760248
20.693154
20.760248
20.739358
20.749801
20.927909
20.900899
20.939921
20.743833
20.963960
20.589089
20.947431
20.605418
20.939921
20.927909
20.924906
20.982003
20.818522
21.048252
20.435165
20.727427
20.758756
20.755771
20.794601
20.599479
20.863426
20.809549
20.725936
20.936918
20.673799
20.652970
20.708050
20.733392
20.116620
20.489833
20.730409
20.718482
20.663383
20.788623
20.697622
20.911400
20.927909
20.864924
20.775179
20.778166
20.917402
20.655945
20.725936
20.826001
20.267377
20.755771
20.808054
20.721464
20.823009
20.767713
20.734883
20.855937
20.711030
20.840965
20.785635
20.709540
20.681242
20.528310
20.788623
20.719973
20.733392
19.957946
20.746817
20.526829
21.033183
20.615813
20.793106
20.927909
20.854440
20.915901
20.906899
20.669335
20.811044
20.769206
20.676776
20.652970
20.840965
20.396811
20.802074
20.869419
20.751293
21.006076
20.731901
20.790118
20.797590
20.647022
20.697622
20.669335
20.793106
20.688686
20.605418
20.879908
20.679753
20.827497
20.826001
20.652970
20.703580
20.697622
20.600964
20.644048
20.492791
20.685708
20.725936
20.708050
20.706560
21.009087
20.734883
20.575737
20.746817
20.632157
20.760248
20.276184
20.787129
20.700601
20.626212
20.802074
20.793106
20.876911
20.796095
20.760248
20.840965
20.833482
20.836475
20.791612
20.755771
20.764727
20.473569
20.678264
20.711030
20.772192
20.775179
20.703580
20.512025
20.794601
20.737866
20.596510
20.705070
20.679753
20.583154
20.775179
20.763234
20.620270
20.608387
20.543122
20.767713
20.630670
20.664871
20.632157
20.951938
20.525348
20.725936
20.699111
20.721464
20.790118
20.599479
20.438117
20.706560
20.491312
21.045238
20.592057
19.981182
20.670823
20.340848
20.684219
20.621755
20.770699
20.827497
20.672311
20.498707
20.755771
20.647022
20.799084
20.703580
20.715501
20.584638
20.711030
20.941423
20.475047
20.839469
20.454361
20.572770
20.709540
20.891901
20.512025
20.831986
20.932413
21.305610
20.953441
21.232720
20.645535
21.090488
20.645535
20.318787
20.688686
20.630670
20.824505
21.025651
20.681242
20.581670
20.427785
20.814035
20.563873
20.902399
20.794601
20.104944
20.836475
20.827497
20.784141
20.903899
20.924906
20.905399
20.721464
20.953441
20.612843
20.757263
20.712521
20.857435
20.772192
20.866422
20.930911
20.799084
21.110118
20.867920
20.788623
20.442546
20.888902
20.805064
20.648509
20.809549
20.709540
20.754278
20.746817
20.912900
20.731901
20.830489
20.727427
20.790118
20.697622
20.763234
20.651483
20.848450
20.803569
20.405657
20.890402
20.396811
21.001561
20.867920
20.963960
20.770699
20.794601
20.672311
20.767713
20.755771
20.988019
20.716992
20.800579
20.983507
20.731901
20.985011
20.577220
20.914401
20.557943
20.986515
20.566838
20.670823
20.794601
20.809549
20.784141
20.736375
20.781154
20.736375
20.834979
20.831986
20.654458
20.876911
20.638102
20.633643
20.890402
20.827497
20.936918
20.814035
20.482439
20.791612
20.727427
20.377654
20.761741
20.694643
20.617299
20.882906
20.828993
20.921904
20.703580
20.812540
20.679753
20.852942
20.562390
20.897899
20.550532
20.793106
20.614328
20.899399
20.685708
20.992533
20.754278
20.718482
20.876911
20.845456
20.728918
20.775179
20.803569
20.580187
20.767713
20.560907
20.814035
20.645535
20.827497
20.676776
20.688686
20.676776
20.673799
20.799084
20.602448
20.936918
20.724445
20.614328
20.839469
20.806559
20.672311
20.885904
20.776673
20.742341
20.869419
20.596510
20.547568
20.760248
20.498707
20.719973
20.998551
20.694643
20.415982
20.834979
20.584638
20.870917
20.649996
20.997047
20.498707
20.714011
20.614328
20.737866
20.800579
20.702091
20.754278
20.761741
20.879908
20.694643
20.623241
20.778166
20.793106
20.809549
20.617299
20.821513
20.706560
20.831986
20.837972
20.782647
20.782647
20.971477
20.719973
20.721464
20.852942
20.828993
20.997047
20.851445
20.618784
21.012098
20.694643
20.912900
20.669335
20.947431
20.633643
20.645535
20.918903
20.590573
20.776673
20.749801
20.823009
20.839469
20.389441
20.811044
20.848450
20.415982
20.746817
20.872415
20.737866
20.706560
20.959452
20.821513
20.879908
20.790118
20.796095
20.791612
