Z[mm]=15.5; Vgall[m/s]=20.0; Fs[Hz]=1000.0; v_hwa[m/s]
20.524866
20.312375
20.553020
20.430232
20.430232
20.573782
20.511539
20.408097
20.573782
20.400722
20.436137
20.507098
20.621295
20.416949
20.465683
20.431708
20.575266
20.585653
20.572299
20.560433
20.508578
20.646568
20.523385
20.492300
20.572299
20.422852
20.487862
20.467161
20.476031
20.673351
20.547090
20.352097
20.487862
20.459772
20.439091
20.510059
20.470118
20.514500
20.544126
20.587137
20.477510
20.548572
20.458294
20.481946
20.526347
20.539680
20.384505
20.397773
20.600499
20.604954
20.471596
20.612380
20.544126
20.517461
20.570815
20.518942
20.558950
20.508578
20.446475
20.523385
20.529309
20.584169
20.425804
20.487862
20.590106
20.587137
20.439091
20.734450
20.424328
20.444998
20.449429
20.570815
20.530790
20.564882
20.520423
20.640619
20.483425
20.513019
20.664421
20.570815
20.508578
20.478989
20.536717
20.624267
20.698669
20.496739
20.433184
20.591590
20.701649
20.596044
20.581201
20.542644
20.510059
20.483425
20.484904
20.652518
20.630212
20.575266
20.524866
20.558950
20.505618
20.701649
20.428756
20.501178
20.673351
20.541162
20.542644
20.409572
20.538198
20.597529
20.462727
20.430232
20.409572
20.554502
20.383031
20.400722
20.418424
20.593075
20.422852
20.476031
20.476031
20.530790
20.618323
20.633185
20.645081
20.588622
20.567848
20.621295
20.547090
20.532272
20.610895
20.536717
20.718045
20.642106
20.498219
20.561916
20.573782
20.501178
20.673351
20.430232
20.755342
20.468639
20.582685
20.403672
20.483425
20.486383
20.409572
20.779237
20.569332
20.536717
20.572299
20.464205
20.501178
20.473074
20.467161
20.513019
20.576749
20.501178
20.621295
20.425804
20.603469
20.481946
20.551537
20.599014
20.677818
20.496739
20.554502
20.504138
20.582685
20.585653
20.636159
20.530790
20.538198
20.444998
20.499698
20.476031
20.440567
20.462727
20.413998
20.490821
20.658469
20.365351
20.569332
20.504138
20.505618
20.563399
20.588622
20.526347
20.607924
20.449429
20.453861
20.449429
20.436137
20.511539
20.474553
20.461249
20.514500
20.510059
20.456816
20.393350
20.634672
20.550055
20.539680
20.431708
20.803151
20.478989
20.517461
20.419900
20.686752
20.698669
20.462727
20.465683
20.446475
20.767287
20.674840
20.507098
20.664421
20.456816
20.484904
20.343265
20.453861
20.550055
20.622781
20.377136
20.542644
20.468639
20.554502
20.447952
20.566365
20.380084
20.674840
20.415473
20.692710
20.377136
20.533753
20.564882
20.526347
20.548572
20.606439
20.610895
20.582685
20.554502
20.433184
20.573782
20.550055
20.402197
20.499698
20.353570
20.685263
20.442044
20.634672
20.363878
20.594559
20.481946
20.645081
20.504138
20.558950
20.430232
20.486383
20.637646
20.511539
20.416949
20.564882
20.493780
20.416949
20.424328
20.489342
20.453861
20.481946
20.400722
20.444998
20.513019
20.452384
20.381557
20.492300
20.418424
20.561916
20.599014
20.555985
20.465683
20.411047
20.557467
20.527828
20.444998
20.419900
20.444998
20.570815
20.334436
20.492300
20.521904
20.524866
20.573782
20.416949
20.411047
20.490821
20.434661
20.471596
20.363878
20.400722
20.706120
20.471596
20.399248
20.478989
20.535235
20.499698
20.495259
20.504138
20.433184
20.394824
20.431708
20.606439
20.421376
20.615352
20.375663
20.541162
20.442044
20.619809
20.424328
20.431708
20.387453
20.462727
20.478989
20.600499
20.384505
20.557467
20.430232
20.436137
20.498219
20.636159
20.572299
20.606439
20.481946
20.496739
20.755342
20.465683
20.523385
20.637646
20.487862
20.487862
20.591590
20.652518
20.655493
20.504138
20.588622
20.502658
20.533753
20.517461
20.544126
20.567848
20.489342
20.483425
20.507098
20.619809
20.616837
20.517461
20.490821
20.618323
20.444998
20.481946
20.544126
20.566365
20.523385
20.517461
20.490821
20.467161
20.555985
20.442044
20.440567
20.526347
20.536717
20.584169
20.536717
20.493780
20.548572
20.570815
20.470118
20.484904
20.707610
20.567848
20.613866
20.599014
20.421376
20.567848
20.609410
20.440567
20.434661
20.547090
20.700159
20.504138
20.411047
20.529309
20.676329
20.431708
20.501178
20.520423
20.495259
20.489342
20.474553
20.659957
20.424328
20.375663
20.557467
20.573782
20.415473
20.719536
20.408097
20.388927
20.487862
20.424328
20.496739
20.557467
20.387453
20.450907
20.425804
20.526347
20.319726
20.527828
20.419900
20.468639
20.303555
20.542644
20.384505
20.453861
20.627240
20.355042
20.443521
20.579717
20.444998
20.505618
20.483425
20.553020
20.566365
20.446475
20.548572
20.416949
20.444998
20.440567
20.487862
20.411047
20.471596
20.431708
20.411047
20.527828
20.458294
20.453861
20.436137
20.403672
20.576749
20.560433
20.391875
20.550055
20.555985
20.553020
20.679307
20.529309
20.555985
20.652518
20.646568
20.576749
20.659957
20.587137
20.458294
20.535235
20.547090
20.667397
20.483425
20.539680
20.610895
20.597529
20.554502
20.533753
20.615352
20.474553
20.532272
20.698669
20.481946
20.527828
20.585653
20.508578
20.501178
20.428756
20.563399
20.604954
20.508578
20.689731
20.515980
20.533753
20.419900
20.505618
20.507098
20.570815
20.604954
20.449429
20.833072
20.492300
20.470118
20.688242
20.613866
20.557467
20.442044
20.504138
20.383031
20.387453
20.555985
20.505618
20.415473
20.458294
20.664421
20.369770
20.474553
20.560433
20.484904
20.648055
20.529309
20.536717
20.633185
20.584169
20.478989
20.601984
20.741910
20.425804
20.558950
20.700159
20.740417
20.594559
20.533753
20.610895
20.613866
20.517461
20.480467
20.788203
20.585653
20.600499
20.630212
20.564882
20.545608
20.621295
20.557467
20.668886
20.555985
20.639132
20.538198
20.689731
20.630212
20.576749
20.631699
20.508578
20.558950
20.625753
20.816612
20.532272
20.621295
20.633185
20.721027
20.455339
20.572299
20.471596
20.493780
20.384505
20.446475
20.406622
20.621295
20.566365
20.601984
20.496739
20.437614
20.377136
20.470118
20.560433
20.452384
20.628726
20.510059
20.424328
20.502658
20.477510
20.402197
20.493780
20.659957
20.458294
20.526347
20.538198
20.515980
20.462727
20.585653
20.422852
20.473074
20.573782
20.529309
20.411047
20.436137
20.551537
20.529309
20.656981
20.513019
20.511539
20.357987
20.461249
20.447952
20.486383
20.612380
20.542644
20.450907
20.487862
20.524866
20.679307
20.514500
20.521904
20.413998
20.553020
20.406622
20.683774
20.478989
20.517461
20.471596
20.573782
20.499698
20.558950
20.538198
20.486383
20.649543
20.619809
20.616837
20.887006
20.558950
20.797171
20.645081
20.570815
20.447952
20.514500
20.599014
20.510059
20.453861
20.524866
20.453861
20.434661
20.496739
20.478989
20.411047
20.529309
20.550055
20.518942
20.502658
20.492300
20.518942
20.555985
20.450907
20.542644
20.615352
20.603469
20.576749
20.564882
20.642106
20.656981
20.409572
20.578233
20.621295
20.474553
20.581201
20.624267
20.701649
20.555985
20.596044
20.656981
20.442044
20.495259
20.542644
20.722518
20.665909
20.692710
20.765794
20.639132
20.548572
20.539680
20.627240
20.576749
20.557467
20.673351
20.523385
20.541162
20.551537
20.622781
20.524866
20.558950
20.530790
20.601984
20.541162
20.397773
20.643593
20.691221
20.499698
20.606439
20.569332
20.557467
20.576749
20.544126
20.596044
20.628726
20.665909
20.508578
20.603469
20.533753
20.662933
20.507098
20.648055
20.520423
20.510059
20.613866
20.545608
20.508578
20.455339
20.713573
20.533753
20.515980
20.462727
20.343265
20.561916
20.470118
20.548572
20.433184
20.523385
20.458294
20.567848
20.419900
20.495259
20.493780
20.535235
20.521904
20.515980
20.495259
20.671863
20.585653
20.483425
20.612380
20.621295
20.585653
20.587137
20.510059
20.470118
20.436137
20.443521
20.477510
20.498219
20.439091
20.514500
20.450907
20.493780
20.578233
20.473074
20.536717
20.408097
20.422852
20.436137
20.520423
20.380084
20.409572
20.396298
20.328551
20.406622
20.468639
20.371243
20.557467
20.566365
20.433184
20.536717
20.551537
20.465683
20.513019
20.381557
20.399248
20.464205
20.461249
20.587137
20.399248
20.498219
20.471596
20.575266
20.656981
20.636159
20.597529
20.645081
20.601984
20.709101
20.542644
20.541162
20.554502
20.662933
20.625753
20.526347
20.357987
20.536717
20.421376
20.449429
20.402197
20.483425
20.440567
20.523385
20.464205
20.536717
20.599014
20.579717
20.609410
20.584169
20.539680
20.399248
20.743402
20.473074
20.674840
20.539680
20.588622
20.554502
20.517461
20.640619
20.656981
20.524866
20.349153
20.510059
20.499698
20.405147
20.434661
20.452384
20.383031
20.719536
20.322668
20.484904
20.495259
20.550055
20.558950
20.452384
20.434661
20.570815
20.600499
20.442044
20.601984
20.539680
20.694200
20.484904
20.561916
20.538198
20.526347
20.601984
20.443521
20.458294
20.422852
20.288861
20.508578
20.526347
20.427280
20.372716
20.527828
20.483425
20.502658
20.455339
20.508578
20.477510
20.447952
20.637646
20.383031
20.521904
20.377136
20.604954
20.405147
20.428756
20.484904
20.582685
20.496739
20.502658
20.493780
20.585653
20.601984
20.453861
20.391875
20.371243
20.508578
20.440567
20.346209
20.628726
20.524866
20.408097
20.511539
20.508578
20.557467
20.476031
20.453861
20.493780
20.582685
20.564882
20.596044
20.508578
20.514500
20.610895
20.558950
20.526347
20.554502
20.604954
20.520423
20.582685
20.462727
20.436137
20.424328
20.471596
20.477510
20.601984
20.413998
20.827085
20.591590
20.464205
20.547090
20.553020
20.732958
20.526347
20.527828
20.523385
20.514500
20.564882
20.576749
20.489342
20.484904
20.515980
20.468639
20.599014
20.529309
20.579717
20.618323
20.570815
20.606439
20.403672
20.588622
20.384505
20.449429
20.542644
20.544126
20.588622
20.737433
20.526347
20.545608
20.474553
20.564882
20.418424
20.524866
20.478989
20.514500
20.470118
20.545608
20.547090
20.567848
20.526347
20.507098
20.514500
20.591590
20.547090
20.585653
20.431708
20.527828
20.550055
20.511539
20.523385
20.529309
20.654005
20.502658
20.558950
20.520423
20.464205
20.443521
20.607924
20.538198
20.530790
20.625753
20.455339
20.523385
20.444998
20.529309
20.458294
20.444998
20.487862
20.461249
20.621295
20.557467
20.551537
20.570815
20.578233
20.636159
20.464205
20.504138
20.458294
20.487862
20.597529
20.581201
20.507098
20.588622
20.493780
20.547090
20.610895
20.551537
20.505618
20.700159
20.405147
20.511539
20.501178
20.599014
20.499698
20.551537
20.378610
20.529309
20.517461
20.715063
20.536717
20.498219
20.604954
20.578233
20.600499
20.576749
20.453861
20.428756
20.544126
20.520423
20.762807
20.476031
20.539680
20.600499
20.495259
20.864521
20.507098
20.473074
20.554502
20.483425
20.550055
20.536717
20.585653
20.480467
20.538198
20.585653
20.409572
20.590106
20.541162
20.444998
20.449429
20.357987
20.542644
20.437614
20.545608
20.446475
20.561916
20.499698
20.415473
20.431708
20.521904
20.555985
20.385979
20.487862
20.630212
20.553020
20.514500
20.535235
20.462727
20.384505
20.419900
20.561916
20.437614
20.408097
20.599014
20.343265
20.450907
20.452384
20.597529
20.618323
20.659957
20.863023
20.564882
20.452384
20.553020
20.402197
20.704630
20.416949
20.474553
20.542644
20.555985
20.487862
20.567848
20.455339
20.601984
20.566365
20.486383
20.493780
20.484904
20.473074
20.636159
20.508578
20.504138
20.483425
20.523385
20.413998
20.527828
20.643593
20.393350
20.437614
20.416949
20.532272
20.526347
20.581201
20.642106
20.520423
20.496739
20.553020
20.643593
20.544126
20.523385
20.433184
20.508578
20.363878
20.412523
20.425804
20.510059
20.446475
20.489342
20.360932
20.486383
20.591590
20.446475
20.576749
20.455339
20.689731
20.418424
20.502658
20.547090
20.536717
20.544126
20.499698
20.515980
20.437614
20.483425
20.563399
20.442044
20.572299
20.616837
20.366824
20.555985
20.481946
20.578233
20.388927
20.473074
20.499698
20.428756
20.439091
20.504138
20.456816
20.504138
20.484904
20.567848
20.716554
20.547090
20.520423
20.499698
20.694200
20.651030
20.630212
20.609410
20.744894
20.474553
20.541162
20.465683
20.501178
20.453861
20.544126
20.524866
20.538198
20.437614
20.462727
20.521904
20.511539
20.471596
20.527828
20.502658
20.480467
20.510059
20.510059
20.440567
20.468639
20.425804
20.518942
20.437614
20.517461
20.495259
20.542644
20.366824
20.701649
20.489342
20.418424
20.554502
20.535235
20.524866
20.468639
20.527828
20.449429
20.450907
20.483425
20.570815
20.613866
20.560433
20.654005
20.550055
20.541162
20.654005
20.685263
20.618323
20.618323
20.624267
20.685263
20.601984
20.490821
20.682285
20.501178
20.553020
20.588622
20.572299
20.523385
20.651030
20.538198
20.639132
20.604954
20.566365
20.514500
20.573782
20.520423
20.616837
20.703139
20.558950
20.607924
20.664421
20.689731
20.520423
20.459772
20.547090
20.564882
20.434661
20.609410
20.492300
20.495259
20.530790
20.518942
20.538198
20.618323
20.555985
20.511539
20.487862
20.533753
20.515980
20.418424
20.590106
20.636159
20.517461
20.478989
20.607924
20.502658
20.554502
20.604954
20.563399
20.486383
20.467161
20.554502
20.582685
20.622781
20.521904
20.649543
20.625753
20.625753
20.554502
20.652518
20.511539
20.578233
20.515980
20.393350
20.680795
20.459772
20.529309
20.505618
20.459772
20.499698
20.471596
20.523385
20.539680
20.511539
20.481946
20.627240
20.551537
20.579717
20.564882
20.532272
20.700159
20.486383
20.576749
20.729975
20.486383
20.686752
20.694200
20.599014
20.716554
20.529309
20.567848
20.615352
20.746386
20.658469
20.428756
20.530790
20.487862
20.536717
20.471596
20.563399
20.553020
20.388927
20.692710
20.535235
20.597529
20.588622
20.579717
20.576749
20.596044
20.430232
20.523385
20.413998
20.651030
20.526347
20.618323
20.585653
20.495259
20.585653
20.576749
20.591590
20.606439
20.618323
20.569332
20.553020
20.572299
20.467161
20.649543
20.529309
20.692710
20.625753
20.689731
20.661445
20.576749
20.615352
20.688242
20.504138
20.599014
20.508578
20.661445
20.551537
20.496739
20.648055
20.604954
20.523385
20.600499
20.570815
20.428756
20.447952
20.616837
20.388927
20.597529
20.541162
20.533753
20.478989
20.563399
20.511539
20.413998
20.560433
20.476031
20.385979
20.481946
20.439091
20.424328
20.584169
20.619809
20.510059
20.458294
20.569332
20.671863
20.603469
20.444998
20.533753
20.590106
20.645081
20.594559
20.504138
20.594559
20.618323
20.576749
20.449429
20.473074
20.520423
20.487862
20.547090
20.542644
20.487862
20.734450
20.582685
20.524866
20.709101
20.449429
20.555985
20.468639
20.544126
20.468639
20.456816
20.378610
20.366824
20.563399
20.625753
20.508578
20.464205
20.532272
20.527828
20.461249
20.642106
20.481946
20.652518
20.428756
20.607924
20.483425
20.498219
20.613866
20.591590
20.533753
20.455339
20.513019
20.455339
20.337379
20.615352
20.473074
20.477510
20.533753
20.413998
20.547090
20.643593
20.474553
20.510059
20.517461
20.523385
20.369770
20.526347
20.520423
20.465683
20.515980
20.368297
20.473074
20.495259
20.572299
20.499698
20.464205
20.576749
20.495259
20.624267
20.396298
20.533753
20.489342
20.480467
20.572299
20.573782
20.464205
20.331494
20.390401
20.532272
20.440567
20.542644
20.585653
20.437614
20.529309
20.489342
20.576749
20.487862
20.478989
20.633185
20.411047
20.405147
20.521904
20.427280
20.576749
20.402197
20.481946
20.656981
20.486383
20.484904
20.686752
20.578233
20.425804
20.553020
20.520423
20.515980
20.544126
20.539680
20.508578
20.453861
20.474553
20.428756
20.496739
20.542644
20.578233
20.455339
20.458294
20.487862
20.631699
20.600499
20.431708
20.450907
20.545608
20.425804
20.533753
20.612380
20.612380
20.481946
20.461249
20.566365
20.405147
20.406622
20.471596
20.434661
20.504138
20.346209
20.489342
20.547090
20.587137
20.477510
20.418424
20.481946
20.471596
20.544126
20.388927
20.424328
20.560433
20.550055
20.455339
20.628726
20.388927
20.415473
20.513019
20.600499
20.514500
20.596044
20.567848
20.527828
20.563399
20.609410
20.371243
20.551537
20.453861
20.648055
20.573782
20.630212
20.515980
20.578233
20.573782
20.524866
20.642106
20.520423
20.453861
20.563399
20.481946
20.462727
20.514500
20.554502
20.501178
20.490821
20.456816
20.465683
20.596044
20.504138
20.538198
20.515980
20.483425
20.434661
20.468639
20.444998
20.378610
20.437614
20.465683
20.471596
20.518942
20.408097
20.470118
20.667397
20.455339
20.455339
20.532272
20.517461
20.355042
20.444998
20.564882
20.486383
20.476031
20.397773
20.498219
20.498219
20.573782
20.371243
20.446475
20.489342
20.449429
20.477510
20.545608
20.416949
20.544126
20.459772
20.462727
20.476031
20.458294
20.419900
20.501178
20.513019
20.532272
20.383031
20.477510
20.430232
20.535235
20.481946
20.564882
20.355042
20.486383
20.511539
20.567848
20.428756
20.511539
20.462727
20.447952
20.575266
20.578233
20.621295
20.507098
20.394824
20.384505
20.541162
20.442044
20.446475
20.377136
20.555985
20.393350
20.434661
20.645081
20.486383
20.433184
20.450907
20.462727
20.393350
20.384505
20.521904
20.439091
20.508578
20.493780
20.508578
20.511539
20.550055
20.476031
20.375663
20.557467
20.411047
20.504138
20.558950
20.665909
20.471596
20.430232
20.477510
20.758328
20.499698
20.601984
20.630212
20.434661
20.553020
20.449429
20.505618
20.492300
20.550055
20.481946
20.588622
20.566365
20.478989
20.514500
20.421376
20.510059
20.366824
20.524866
20.532272
20.483425
20.563399
20.511539
20.502658
20.538198
20.456816
20.499698
20.385979
20.418424
20.415473
20.593075
20.430232
20.536717
20.496739
20.518942
20.433184
20.427280
20.639132
20.536717
20.450907
20.434661
20.456816
20.561916
20.529309
20.584169
20.473074
20.467161
20.609410
20.442044
20.490821
20.600499
20.487862
20.397773
20.464205
20.470118
20.476031
20.526347
20.581201
20.587137
20.427280
20.576749
20.449429
20.405147
20.558950
20.579717
20.496739
20.570815
20.535235
20.563399
20.400722
20.518942
20.468639
20.615352
20.621295
20.455339
20.590106
20.442044
20.456816
20.422852
20.575266
20.579717
20.487862
20.471596
20.600499
20.496739
20.561916
20.532272
20.523385
20.532272
20.515980
20.511539
20.555985
20.597529
20.526347
20.548572
20.550055
20.484904
20.588622
20.510059
20.489342
20.529309
20.413998
20.508578
20.399248
20.728483
20.449429
20.418424
20.419900
20.550055
20.452384
20.501178
20.450907
20.596044
20.427280
20.387453
20.406622
20.484904
20.439091
20.394824
20.689731
20.446475
20.526347
20.449429
20.501178
20.502658
20.464205
20.419900
20.507098
20.507098
20.357987
20.456816
20.553020
20.436137
20.377136
20.383031
20.369770
20.456816
20.521904
20.434661
20.596044
20.524866
20.470118
20.511539
20.481946
20.464205
20.538198
20.492300
20.541162
20.464205
20.779237
20.473074
20.449429
20.443521
20.554502
20.544126
20.431708
20.499698
20.419900
20.430232
20.530790
20.532272
20.384505
20.548572
20.387453
20.538198
20.446475
20.427280
20.478989
20.483425
20.541162
20.550055
20.539680
20.603469
20.582685
20.487862
20.613866
20.453861
20.521904
20.462727
20.530790
20.462727
20.532272
20.585653
20.572299
20.551537
20.593075
20.467161
20.582685
20.671863
20.532272
20.464205
20.561916
20.555985
20.473074
20.412523
20.539680
20.487862
20.489342
20.399248
20.464205
20.579717
20.535235
20.406622
20.390401
20.535235
20.405147
20.325609
20.484904
20.520423
20.511539
20.409572
20.649543
20.579717
20.581201
20.507098
20.606439
20.524866
20.722518
20.471596
20.455339
20.453861
20.477510
20.541162
20.493780
20.458294
20.554502
20.458294
20.511539
20.461249
20.362405
20.347681
20.625753
20.561916
20.446475
20.529309
20.619809
20.481946
20.483425
20.453861
20.539680
20.440567
20.433184
20.496739
20.366824
20.450907
20.498219
20.538198
20.625753
20.558950
20.615352
20.529309
20.618323
20.564882
20.652518
20.471596
20.515980
20.576749
20.668886
20.597529
20.634672
20.541162
20.627240
20.510059
20.520423
20.437614
20.551537
20.384505
20.548572
20.470118
20.563399
20.400722
20.581201
20.480467
20.434661
20.413998
20.502658
20.332965
20.474553
20.397773
20.415473
20.547090
20.520423
20.489342
20.630212
20.680795
20.508578
20.610895
20.529309
20.536717
20.421376
20.618323
20.409572
20.570815
20.563399
20.449429
20.593075
20.538198
20.431708
20.677818
20.450907
20.446475
20.384505
20.464205
20.408097
20.394824
20.312375
20.453861
20.268302
20.597529
20.349153
20.674840
20.380084
20.535235
20.511539
20.518942
20.450907
20.375663
20.471596
20.527828
20.476031
20.431708
20.521904
20.530790
20.347681
20.587137
20.649543
20.480467
20.409572
20.575266
20.601984
20.419900
20.530790
20.495259
20.741910
20.554502
20.450907
20.561916
20.524866
20.489342
20.490821
20.591590
20.607924
20.403672
20.504138
20.486383
20.490821
20.505618
20.447952
20.422852
20.591590
20.467161
20.518942
20.483425
20.639132
20.483425
20.399248
20.582685
20.400722
20.544126
20.464205
20.484904
20.446475
20.476031
20.544126
20.529309
20.369770
20.465683
20.493780
20.624267
20.425804
20.520423
20.476031
20.413998
20.514500
20.495259
20.424328
20.452384
20.437614
20.416949
20.517461
20.461249
20.391875
20.362405
20.701649
20.496739
20.487862
20.447952
20.645081
20.518942
20.430232
20.349153
20.439091
20.419900
20.434661
20.464205
20.447952
20.357987
20.545608
20.421376
20.391875
20.594559
20.510059
20.450907
20.573782
20.449429
20.542644
20.416949
20.551537
20.307964
20.484904
20.584169
20.393350
20.455339
20.507098
20.521904
20.440567
20.431708
20.621295
20.399248
20.446475
20.553020
20.496739
20.600499
20.560433
20.473074
20.422852
20.659957
20.561916
20.573782
20.662933
20.524866
20.656981
20.523385
20.704630
20.599014
20.544126
20.450907
20.524866
20.624267
20.529309
20.664421
20.818108
20.703139
20.812124
20.664421
20.604954
20.794181
20.630212
20.712082
20.686752
20.627240
20.563399
20.499698
20.390401
20.452384
20.375663
20.536717
20.492300
20.594559
20.508578
20.694200
20.715063
20.670374
20.633185
20.671863
20.648055
20.550055
20.692710
20.567848
20.579717
20.569332
20.431708
20.740417
20.471596
20.511539
20.659957
20.501178
20.536717
20.470118
20.541162
20.544126
20.520423
20.622781
20.923016
20.548572
20.406622
20.590106
20.563399
20.450907
20.513019
20.584169
20.564882
20.579717
20.597529
20.539680
20.753849
20.553020
20.698669
20.633185
20.646568
20.619809
20.633185
20.561916
20.718045
20.710591
20.686752
20.584169
20.753849
20.729975
20.780731
20.694200
20.628726
20.607924
20.679307
20.618323
20.511539
20.731466
20.686752
20.682285
20.555985
20.624267
20.800161
20.603469
20.658469
20.761314
20.643593
20.484904
20.633185
20.621295
20.619809
20.532272
20.622781
20.640619
20.612380
20.731466
20.667397
20.582685
20.741910
20.652518
20.566365
20.665909
20.639132
20.697179
20.616837
20.545608
20.627240
20.588622
20.609410
20.597529
20.532272
20.576749
20.548572
20.700159
20.455339
20.578233
20.555985
20.558950
20.517461
20.634672
20.628726
20.625753
20.637646
20.585653
20.573782
20.627240
20.464205
20.555985
20.570815
20.776249
20.518942
20.499698
20.551537
20.731466
20.768780
20.631699
20.861525
20.665909
20.670374
20.834569
20.607924
20.676329
20.701649
20.563399
20.670374
20.658469
20.630212
20.659957
20.648055
20.551537
20.564882
20.646568
20.471596
20.676329
20.526347
20.570815
20.749371
20.532272
20.547090
20.610895
20.656981
20.567848
20.622781
20.648055
20.510059
20.834569
20.591590
20.625753
20.633185
20.544126
20.396298
20.619809
20.631699
20.576749
20.645081
20.651030
20.624267
20.501178
20.547090
20.594559
20.487862
20.487862
20.477510
20.458294
20.581201
20.394824
20.272706
20.513019
20.430232
20.581201
20.489342
20.616837
20.421376
20.459772
20.510059
20.579717
20.443521
20.523385
20.502658
20.446475
20.554502
20.474553
20.671863
20.521904
20.517461
20.601984
20.689731
20.319726
20.507098
20.484904
20.411047
20.442044
20.340322
20.631699
20.450907
20.390401
20.415473
20.461249
20.416949
20.476031
20.371243
20.481946
20.347681
20.413998
20.670374
20.399248
20.520423
20.505618
20.476031
20.415473
20.427280
20.517461
20.686752
20.476031
20.524866
20.547090
20.498219
20.473074
20.502658
20.707610
20.470118
20.492300
20.529309
20.468639
20.526347
20.530790
20.481946
20.541162
20.496739
20.590106
20.524866
20.492300
20.413998
20.651030
20.535235
20.402197
20.539680
20.416949
20.474553
20.476031
20.405147
20.481946
20.453861
20.365351
20.477510
20.533753
20.452384
20.536717
20.539680
20.542644
20.642106
20.504138
20.640619
20.573782
20.533753
20.579717
20.486383
20.563399
20.517461
20.419900
20.419900
20.408097
20.538198
20.535235
20.564882
20.341794
20.536717
20.434661
20.400722
20.415473
20.459772
20.487862
20.406622
20.425804
20.468639
20.481946
20.480467
20.576749
20.517461
20.570815
20.585653
20.498219
20.501178
20.682285
20.431708
20.535235
20.627240
20.468639
20.378610
20.514500
20.585653
20.498219
20.590106
20.431708
20.654005
20.366824
20.452384
20.456816
20.514500
20.413998
20.425804
20.405147
20.468639
20.471596
20.541162
20.486383
20.406622
20.514500
20.555985
20.527828
20.603469
20.523385
20.374189
20.594559
20.480467
20.633185
20.355042
20.625753
20.465683
20.474553
20.431708
20.431708
20.616837
20.538198
20.508578
20.569332
20.529309
20.461249
20.532272
20.428756
20.573782
20.671863
20.393350
20.440567
20.434661
20.622781
20.538198
20.484904
20.636159
20.597529
20.444998
20.406622
20.544126
20.428756
20.349153
20.563399
20.557467
20.452384
20.490821
20.567848
20.532272
20.280048
20.587137
20.412523
20.406622
20.576749
20.434661
20.551537
20.533753
20.433184
20.600499
20.606439
20.563399
20.544126
20.411047
20.555985
20.437614
20.590106
20.459772
20.523385
20.436137
20.419900
20.578233
20.545608
20.484904
20.444998
20.630212
20.393350
20.499698
20.403672
20.449429
20.428756
20.380084
20.405147
20.616837
20.425804
20.514500
20.514500
20.471596
20.499698
20.517461
20.639132
20.535235
20.550055
20.527828
20.527828
20.639132
20.557467
20.541162
20.606439
20.604954
20.496739
20.590106
20.596044
20.533753
20.618323
20.567848
20.688242
20.715063
20.505618
20.836066
20.539680
20.639132
20.573782
20.587137
20.662933
20.442044
20.547090
20.493780
20.662933
20.495259
20.619809
20.667397
20.545608
20.536717
20.489342
20.694200
20.462727
20.654005
20.499698
20.649543
20.470118
20.542644
20.576749
20.600499
20.536717
20.576749
20.570815
20.548572
20.618323
20.734450
20.542644
20.659957
20.545608
20.550055
20.550055
20.573782
20.459772
20.584169
20.513019
20.573782
20.570815
20.569332
20.538198
20.706120
20.588622
20.590106
20.600499
20.654005
20.544126
20.561916
20.588622
20.582685
20.517461
20.610895
20.527828
20.697179
20.722518
20.550055
20.625753
20.694200
20.467161
20.495259
20.674840
20.341794
20.511539
20.551537
20.523385
20.510059
20.594559
20.397773
20.587137
20.504138
20.444998
20.504138
20.468639
20.455339
20.664421
20.468639
20.596044
20.397773
20.470118
20.558950
20.585653
20.530790
20.526347
20.529309
20.504138
20.774755
20.588622
20.476031
20.541162
20.530790
20.464205
20.652518
20.464205
20.536717
20.554502
20.628726
20.523385
20.596044
20.538198
20.518942
20.625753
20.541162
20.535235
20.487862
20.661445
20.484904
20.515980
20.462727
20.659957
20.487862
20.511539
20.550055
20.477510
20.533753
20.561916
20.530790
20.489342
20.555985
20.551537
20.405147
20.470118
20.374189
20.539680
20.431708
20.478989
20.603469
20.455339
20.524866
20.558950
20.581201
20.470118
20.606439
20.642106
20.487862
20.554502
20.517461
20.539680
20.633185
20.533753
20.490821
20.453861
20.380084
20.610895
20.391875
20.461249
20.360932
20.533753
20.492300
20.369770
20.449429
20.396298
20.593075
20.487862
20.430232
20.578233
20.476031
20.434661
20.517461
20.437614
20.508578
20.424328
20.406622
20.725501
20.487862
20.415473
20.544126
20.541162
20.486383
20.467161
20.524866
20.471596
20.470118
20.570815
20.667397
20.515980
20.419900
20.504138
20.416949
20.476031
20.393350
20.393350
20.493780
20.384505
20.489342
20.415473
20.532272
20.388927
20.486383
20.387453
20.604954
20.550055
20.458294
20.422852
20.437614
20.501178
20.371243
20.590106
20.544126
20.490821
20.529309
20.439091
20.447952
20.551537
20.554502
20.437614
20.464205
20.622781
20.428756
20.860026
20.393350
20.439091
20.587137
20.421376
20.470118
20.344737
20.458294
20.369770
20.424328
20.406622
20.514500
20.468639
20.433184
20.588622
20.434661
20.520423
20.394824
20.397773
20.484904
20.449429
20.424328
20.431708
20.548572
20.440567
20.518942
20.480467
20.622781
20.544126
20.514500
20.449429
20.550055
20.446475
20.493780
20.529309
20.493780
20.530790
20.486383
20.480467
20.427280
20.443521
20.551537
20.511539
20.499698
20.455339
20.533753
20.545608
20.547090
20.555985
20.489342
20.542644
20.508578
20.576749
20.498219
20.654005
20.505618
20.529309
20.381557
20.636159
20.403672
20.520423
20.566365
20.459772
20.490821
20.555985
20.545608
20.544126
20.558950
20.741910
20.545608
20.532272
20.529309
20.517461
20.402197
20.581201
20.478989
20.471596
20.369770
20.567848
20.371243
20.462727
20.316785
20.619809
20.452384
20.388927
20.408097
20.499698
20.316785
20.560433
20.567848
20.431708
20.422852
20.359460
20.421376
20.526347
20.618323
20.588622
20.478989
20.511539
20.664421
20.541162
20.467161
20.654005
20.634672
20.458294
20.510059
20.689731
20.555985
20.490821
20.628726
20.515980
20.547090
20.406622
20.443521
20.538198
20.481946
20.378610
20.523385
20.600499
20.591590
20.517461
20.536717
20.470118
20.498219
20.496739
20.501178
20.446475
20.504138
20.514500
20.599014
20.502658
20.474553
20.496739
20.542644
20.553020
20.424328
20.369770
20.664421
20.377136
20.616837
20.408097
20.434661
20.504138
20.563399
20.436137
20.501178
20.550055
20.340322
20.431708
20.713573
20.579717
20.416949
20.520423
20.554502
20.642106
20.502658
20.471596
20.325609
20.447952
20.464205
20.402197
20.541162
20.527828
20.607924
20.511539
20.478989
20.553020
20.538198
20.396298
20.591590
20.541162
20.561916
20.474553
20.609410
20.502658
20.538198
20.450907
20.357987
20.564882
20.430232
20.355042
20.489342
20.440567
20.564882
20.437614
20.499698
20.378610
20.440567
20.511539
20.490821
20.655493
20.394824
20.362405
20.413998
20.409572
20.545608
20.434661
20.507098
20.328551
20.365351
20.501178
20.462727
20.542644
20.371243
20.474553
20.593075
20.618323
20.378610
20.335907
20.338850
20.458294
20.593075
20.416949
20.430232
20.474553
20.581201
20.461249
20.544126
20.418424
20.413998
20.378610
20.492300
20.352097
20.380084
20.478989
20.296207
20.513019
20.456816
20.352097
20.443521
20.517461
20.335907
20.334436
20.446475
20.350625
20.436137
20.458294
20.481946
20.399248
20.416949
20.517461
20.480467
20.538198
20.596044
20.535235
20.453861
20.486383
20.458294
20.428756
20.526347
20.419900
20.465683
20.539680
20.405147
20.442044
20.514500
20.550055
20.656981
20.526347
20.453861
20.481946
20.416949
20.440567
20.418424
20.411047
20.585653
20.349153
20.447952
20.489342
20.474553
20.493780
20.510059
20.553020
20.547090
20.551537
20.551537
20.530790
20.496739
20.447952
20.514500
20.415473
20.456816
20.413998
20.493780
20.324139
20.481946
20.356514
20.394824
20.621295
20.374189
20.551537
20.291799
20.366824
20.606439
20.541162
20.505618
20.523385
20.465683
20.523385
20.544126
20.514500
20.436137
20.481946
20.502658
20.363878
20.396298
20.412523
20.442044
20.383031
20.428756
20.461249
20.403672
20.729975
20.446475
20.424328
20.511539
20.547090
20.473074
20.480467
20.467161
20.599014
20.501178
20.513019
20.676329
20.581201
20.405147
20.676329
20.744894
20.713573
20.447952
20.842054
20.587137
20.444998
20.809133
20.403672
20.572299
20.505618
20.492300
20.406622
20.343265
20.510059
20.573782
20.427280
20.470118
20.523385
20.615352
20.474553
20.627240
20.542644
20.554502
20.567848
20.553020
20.524866
20.572299
20.596044
20.646568
20.530790
20.486383
20.523385
20.581201
20.473074
20.453861
20.538198
20.604954
20.487862
20.538198
20.569332
20.455339
20.529309
20.582685
20.422852
20.406622
20.527828
20.456816
20.615352
20.671863
20.761314
20.575266
20.524866
20.628726
20.606439
20.523385
20.550055
20.627240
20.508578
20.355042
20.591590
20.430232
20.424328
20.544126
20.498219
20.496739
20.656981
20.474553
20.593075
20.478989
20.513019
20.450907
20.439091
20.609410
20.579717
20.433184
20.487862
20.527828
20.380084
20.431708
20.515980
20.852537
20.380084
20.458294
20.520423
20.496739
20.498219
20.533753
20.439091
20.590106
20.433184
20.744894
20.596044
20.481946
20.446475
20.520423
20.570815
20.464205
20.520423
20.532272
20.397773
20.639132
20.458294
20.511539
20.553020
20.416949
20.458294
20.447952
20.440567
20.535235
20.517461
20.480467
20.486383
20.511539
20.631699
20.588622
20.496739
20.517461
20.523385
20.521904
20.582685
20.521904
20.564882
20.596044
20.557467
20.578233
20.486383
20.468639
20.590106
20.452384
20.511539
20.612380
20.490821
20.554502
20.493780
20.461249
20.396298
20.570815
20.413998
20.453861
20.526347
20.536717
20.456816
20.553020
20.458294
20.413998
20.340322
20.490821
20.480467
20.450907
20.544126
20.363878
20.544126
20.375663
20.471596
20.478989
20.486383
20.449429
20.561916
20.471596
20.550055
20.518942
20.490821
20.477510
20.403672
20.551537
20.529309
20.561916
20.507098
20.520423
20.464205
20.671863
20.593075
20.521904
20.471596
20.530790
20.538198
20.560433
20.408097
20.462727
20.498219
20.440567
20.356514
20.517461
20.383031
20.350625
20.529309
20.649543
20.377136
20.437614
20.421376
20.465683
20.383031
20.566365
20.505618
20.452384
20.492300
20.468639
20.585653
20.662933
20.461249
20.484904
20.501178
20.520423
20.591590
20.603469
20.640619
20.557467
20.584169
20.677818
20.480467
20.453861
20.544126
20.618323
20.425804
20.627240
20.584169
20.484904
20.444998
20.502658
20.582685
20.676329
20.613866
20.502658
20.610895
20.384505
20.538198
20.527828
20.476031
20.461249
20.502658
20.390401
20.505618
20.507098
20.581201
20.493780
20.430232
20.493780
20.366824
20.601984
20.547090
20.625753
20.604954
20.535235
20.550055
20.477510
20.566365
20.599014
20.388927
20.444998
20.604954
20.630212
20.553020
20.425804
20.689731
20.499698
20.446475
20.408097
20.461249
20.551537
20.422852
20.360932
20.645081
20.609410
20.504138
20.652518
20.431708
20.750864
20.616837
20.573782
20.447952
20.630212
20.450907
20.452384
20.652518
20.443521
20.413998
20.553020
20.468639
20.493780
20.593075
20.609410
20.569332
20.504138
20.505618
20.563399
20.391875
20.520423
20.464205
20.431708
20.547090
20.517461
20.428756
20.550055
20.455339
20.639132
20.453861
20.533753
20.443521
20.596044
20.399248
20.521904
20.467161
20.511539
20.591590
20.593075
20.498219
20.473074
20.538198
20.628726
20.489342
20.427280
20.631699
20.576749
20.601984
20.686752
20.567848
20.600499
20.501178
20.510059
20.430232
20.601984
20.510059
20.575266
20.409572
20.600499
20.442044
20.518942
20.465683
20.584169
20.542644
20.496739
20.458294
20.542644
20.425804
20.440567
20.446475
20.425804
20.481946
20.541162
20.517461
20.587137
20.514500
20.596044
20.498219
20.520423
20.594559
20.384505
20.498219
20.616837
20.575266
20.452384
20.524866
20.397773
20.507098
20.446475
20.347681
20.384505
20.553020
20.396298
20.493780
20.521904
20.447952
20.563399
20.343265
20.493780
20.557467
20.356514
20.452384
20.530790
20.597529
20.399248
20.553020
20.662933
20.499698
20.422852
20.584169
20.455339
20.529309
20.458294
20.427280
20.477510
20.548572
20.555985
20.518942
20.545608
20.465683
20.544126
20.384505
20.504138
20.440567
20.612380
20.452384
20.408097
20.659957
20.461249
20.514500
20.408097
20.470118
20.422852
20.476031
20.416949
20.544126
20.409572
20.461249
20.384505
20.527828
20.478989
20.418424
20.443521
20.464205
20.346209
20.661445
20.383031
20.464205
20.590106
20.452384
20.624267
20.352097
20.443521
20.621295
20.478989
20.400722
20.486383
20.600499
20.483425
20.427280
20.718045
20.487862
20.527828
20.529309
20.470118
20.388927
20.535235
20.508578
20.464205
20.547090
20.440567
20.496739
20.597529
20.433184
20.477510
20.474553
20.566365
20.360932
20.434661
20.542644
20.399248
20.464205
20.551537
20.462727
20.535235
20.523385
20.476031
20.530790
20.433184
20.551537
20.419900
20.419900
20.590106
20.480467
20.679307
20.487862
20.437614
20.371243
20.520423
20.365351
20.576749
20.400722
20.480467
20.521904
20.384505
20.615352
20.576749
20.495259
20.465683
20.468639
20.533753
20.599014
20.393350
20.662933
20.486383
20.502658
20.416949
20.452384
20.630212
20.505618
20.515980
20.612380
20.442044
20.501178
20.520423
20.563399
20.388927
20.529309
20.547090
20.548572
20.335907
20.458294
20.464205
20.452384
20.645081
20.447952
20.631699
20.449429
20.527828
20.450907
20.462727
20.480467
20.474553
20.547090
20.477510
20.563399
20.554502
20.493780
20.391875
20.616837
20.691221
20.677818
20.579717
20.612380
20.746386
20.416949
20.588622
20.489342
20.594559
20.579717
20.587137
20.557467
20.520423
20.501178
20.490821
20.507098
20.734450
20.575266
20.433184
20.409572
20.548572
20.428756
20.625753
20.413998
20.501178
20.425804
20.661445
20.536717
20.465683
20.467161
20.355042
20.600499
20.674840
20.440567
20.473074
20.504138
20.517461
20.570815
20.555985
20.637646
20.590106
20.418424
20.579717
20.461249
20.544126
20.600499
20.544126
20.551537
20.612380
20.636159
20.648055
20.484904
20.575266
20.712082
20.646568
20.566365
20.593075
20.424328
20.561916
20.486383
20.652518
20.542644
20.615352
20.606439
20.471596
20.496739
20.855532
20.474553
20.578233
20.507098
20.504138
20.544126
20.533753
20.567848
20.591590
20.665909
20.642106
20.564882
20.622781
20.547090
20.599014
20.656981
20.680795
20.628726
20.544126
20.648055
20.560433
20.411047
20.591590
20.452384
20.535235
20.588622
20.572299
20.548572
20.610895
20.651030
20.405147
20.554502
20.544126
20.437614
20.541162
20.505618
20.548572
20.596044
20.726992
20.403672
20.674840
20.570815
20.478989
20.621295
20.493780
20.563399
20.434661
20.694200
20.458294
20.548572
20.726992
20.526347
20.480467
20.489342
20.513019
20.572299
20.473074
20.526347
20.450907
20.499698
20.403672
20.553020
20.508578
20.517461
20.396298
20.513019
20.480467
20.437614
20.539680
20.631699
20.478989
20.561916
20.474553
20.560433
20.409572
20.490821
20.450907
20.536717
20.495259
20.436137
20.547090
20.442044
20.422852
20.659957
20.480467
20.474553
20.306494
20.590106
20.443521
20.538198
20.478989
20.498219
20.405147
20.634672
20.477510
20.555985
20.498219
20.418424
20.520423
20.544126
20.486383
20.498219
20.597529
20.399248
20.533753
20.455339
20.371243
20.439091
20.366824
20.446475
20.461249
20.523385
20.470118
20.524866
20.538198
20.346209
20.539680
20.483425
20.570815
20.380084
20.422852
20.489342
20.584169
20.498219
20.449429
20.430232
20.567848
20.538198
20.461249
20.548572
20.538198
20.411047
20.533753
20.508578
20.452384
20.356514
20.541162
20.496739
20.557467
20.609410
20.477510
20.486383
20.408097
20.458294
20.560433
20.422852
20.446475
20.746386
20.467161
20.607924
20.493780
20.576749
20.551537
20.593075
20.544126
20.449429
20.517461
20.483425
20.480467
20.480467
20.609410
20.533753
20.514500
20.511539
20.821100
20.501178
20.622781
20.560433
20.433184
20.477510
20.486383
20.554502
20.570815
20.425804
20.587137
20.456816
20.470118
20.464205
20.517461
20.397773
20.476031
20.456816
20.478989
20.514500
20.419900
20.557467
20.393350
20.421376
20.572299
20.514500
20.464205
20.530790
20.567848
20.590106
20.725501
20.622781
20.446475
20.473074
20.591590
20.428756
20.558950
20.405147
20.527828
20.405147
20.572299
20.490821
20.536717
20.709101
20.558950
20.450907
20.498219
20.468639
20.524866
20.501178
20.510059
20.558950
20.496739
20.430232
20.459772
20.554502
20.431708
20.478989
20.618323
20.501178
20.366824
20.443521
20.587137
20.446475
20.553020
20.643593
20.483425
20.642106
20.530790
20.596044
20.484904
20.533753
20.607924
20.471596
20.604954
20.542644
20.449429
20.442044
20.462727
20.582685
20.582685
20.554502
20.526347
20.572299
20.499698
20.437614
20.520423
20.527828
20.564882
20.566365
20.480467
20.532272
20.464205
20.359460
20.606439
20.499698
20.547090
20.517461
20.567848
20.452384
20.578233
20.459772
20.551537
20.390401
20.470118
20.396298
20.458294
20.399248
20.374189
20.369770
20.425804
20.402197
20.661445
20.555985
20.388927
20.599014
20.508578
20.452384
20.581201
20.413998
20.474553
20.415473
20.458294
20.447952
20.470118
20.604954
20.461249
20.679307
20.567848
20.477510
20.541162
20.573782
20.689731
20.521904
20.622781
20.507098
20.541162
20.369770
20.496739
20.782225
20.508578
20.387453
20.366824
20.411047
20.505618
20.430232
20.439091
20.474553
20.418424
20.480467
20.316785
20.532272
20.446475
20.596044
20.385979
20.470118
20.484904
20.468639
20.464205
20.524866
20.541162
20.444998
20.541162
20.554502
20.433184
20.446475
20.498219
20.557467
20.416949
20.538198
20.493780
20.511539
20.527828
20.701649
20.486383
20.564882
20.597529
20.541162
20.419900
20.467161
20.377136
20.561916
20.384505
20.467161
20.446475
20.591590
20.444998
20.458294
20.434661
20.481946
20.433184
20.374189
20.558950
20.452384
20.415473
20.507098
20.424328
20.419900
20.572299
20.514500
20.529309
20.487862
20.447952
20.523385
20.436137
20.437614
20.560433
20.575266
20.387453
20.486383
20.409572
20.431708
20.476031
20.594559
20.458294
20.446475
20.572299
20.396298
20.436137
20.621295
20.391875
20.490821
20.357987
20.550055
20.385979
20.510059
20.514500
20.416949
20.437614
20.523385
20.570815
20.452384
20.515980
20.483425
20.584169
20.553020
20.496739
20.501178
20.712082
20.459772
20.553020
20.526347
20.499698
20.526347
20.459772
20.642106
20.481946
20.550055
20.483425
20.523385
20.510059
20.452384
20.511539
20.461249
20.502658
20.737433
20.508578
20.587137
20.490821
20.551537
20.496739
20.541162
20.514500
20.400722
20.394824
20.422852
20.576749
20.603469
20.433184
20.433184
20.464205
20.539680
20.415473
20.366824
20.433184
20.365351
20.477510
20.515980
20.363878
20.484904
20.582685
20.486383
20.501178
20.437614
20.399248
20.474553
20.442044
20.403672
20.505618
20.394824
20.529309
20.434661
20.455339
20.539680
20.422852
20.489342
20.499698
20.346209
20.419900
20.393350
20.520423
20.402197
20.366824
20.406622
20.375663
20.409572
20.434661
20.425804
20.510059
20.439091
20.394824
20.447952
20.315315
20.281517
20.359460
20.476031
20.529309
20.501178
20.415473
20.436137
20.510059
20.557467
20.458294
20.496739
20.495259
20.615352
20.458294
20.402197
20.350625
20.418424
20.481946
20.446475
20.412523
20.363878
20.380084
20.477510
20.563399
20.520423
20.683774
20.474553
20.496739
20.573782
20.349153
20.383031
20.372716
20.425804
20.508578
20.473074
20.447952
20.510059
20.430232
20.458294
20.622781
20.406622
20.458294
20.541162
20.514500
20.399248
20.405147
20.443521
20.498219
20.390401
20.452384
20.434661
20.380084
20.507098
20.529309
20.409572
20.536717
20.456816
20.493780
20.476031
20.459772
20.346209
20.688242
20.654005
20.527828
20.446475
20.572299
20.631699
20.521904
20.585653
20.458294
20.501178
20.501178
20.387453
20.369770
20.431708
20.341794
20.558950
20.400722
20.337379
20.578233
20.377136
20.450907
20.399248
20.388927
20.408097
20.368297
20.440567
20.439091
20.486383
20.430232
20.601984
20.430232
20.470118
20.560433
20.478989
20.447952
20.409572
20.402197
20.434661
20.349153
20.372716
20.393350
20.483425
20.443521
20.636159
20.520423
20.490821
20.558950
20.566365
20.449429
20.495259
20.582685
20.547090
20.689731
20.458294
20.508578
20.453861
20.446475
20.607924
20.393350
20.403672
20.309434
20.344737
20.492300
20.331494
20.536717
20.360932
20.393350
20.476031
20.411047
20.474553
20.431708
20.520423
20.406622
20.585653
20.514500
20.581201
20.458294
20.399248
20.616837
20.464205
20.789697
20.474553
20.399248
20.547090
20.480467
20.535235
20.478989
20.442044
20.496739
20.412523
20.347681
20.517461
20.508578
20.338850
20.444998
20.375663
20.541162
20.415473
20.446475
20.411047
20.427280
20.368297
20.473074
20.332965
20.452384
20.331494
20.511539
20.490821
20.321197
20.427280
20.462727
20.406622
20.481946
20.584169
20.461249
20.393350
20.521904
20.365351
20.387453
20.570815
20.633185
20.478989
20.496739
20.405147
20.533753
20.427280
20.381557
20.523385
20.481946
20.499698
20.383031
20.498219
20.418424
20.567848
20.545608
20.646568
20.588622
20.483425
20.471596
20.692710
20.524866
20.576749
20.470118
20.538198
20.513019
20.391875
20.437614
20.521904
20.458294
20.636159
20.458294
20.539680
20.513019
20.486383
20.455339
20.561916
20.521904
20.430232
20.495259
20.567848
20.473074
20.436137
20.459772
20.299146
20.606439
20.499698
20.447952
20.467161
20.459772
20.582685
20.456816
20.453861
20.596044
20.428756
20.613866
20.640619
20.561916
20.493780
20.467161
20.625753
20.434661
20.548572
20.523385
20.619809
20.633185
20.391875
20.658469
20.544126
20.606439
20.707610
20.533753
20.511539
20.523385
20.618323
20.490821
20.590106
20.539680
20.514500
20.487862
20.625753
20.570815
20.652518
20.732958
20.648055
20.573782
20.628726
20.749371
20.728483
20.627240
20.726992
20.710591
20.636159
20.567848
20.492300
20.369770
20.504138
20.476031
20.493780
20.495259
20.533753
20.572299
20.616837
20.627240
20.624267
20.521904
20.446475
20.484904
20.536717
20.529309
20.566365
20.473074
20.533753
20.791192
20.459772
20.532272
20.511539
20.566365
20.588622
20.636159
20.603469
20.652518
20.468639
20.624267
20.554502
20.667397
20.385979
20.569332
20.553020
20.677818
20.515980
20.694200
20.467161
20.848044
20.511539
20.794181
20.504138
20.570815
20.498219
20.590106
20.566365
20.465683
20.515980
20.674840
20.527828
20.718045
20.621295
20.579717
20.759821
20.569332
20.721027
20.624267
20.587137
20.779237
20.694200
20.621295
20.489342
20.444998
20.473074
20.490821
20.508578
20.424328
20.637646
20.564882
20.499698
20.712082
20.437614
20.461249
20.449429
20.648055
20.560433
20.607924
20.646568
20.480467
20.539680
20.625753
20.560433
20.471596
20.493780
20.576749
20.616837
20.511539
20.640619
20.530790
20.734450
20.495259
20.513019
20.570815
20.541162
20.504138
20.676329
20.470118
20.624267
20.489342
20.498219
20.446475
20.514500
20.523385
20.490821
20.493780
20.526347
20.518942
20.535235
20.473074
20.553020
20.504138
20.555985
20.542644
20.555985
20.499698
20.464205
20.612380
20.478989
20.575266
20.507098
20.477510
20.606439
20.481946
20.489342
20.674840
20.536717
20.431708
20.493780
20.704630
20.413998
20.428756
20.530790
20.372716
20.514500
20.458294
20.464205
20.490821
20.513019
20.643593
20.322668
20.394824
20.492300
20.481946
20.455339
20.459772
20.387453
20.481946
20.383031
20.374189
20.495259
20.508578
20.430232
20.428756
20.518942
20.338850
20.627240
20.476031
20.374189
20.477510
20.520423
20.359460
20.476031
20.418424
20.409572
20.408097
20.502658
20.521904
20.262431
20.505618
20.453861
20.624267
20.489342
20.499698
20.393350
20.383031
20.572299
20.539680
20.356514
20.406622
20.464205
20.422852
20.671863
20.532272
20.400722
20.547090
20.425804
20.585653
20.545608
20.455339
20.530790
20.465683
20.340322
20.384505
20.357987
20.502658
20.412523
20.555985
20.362405
20.305024
20.425804
20.383031
20.486383
20.328551
20.338850
20.634672
20.375663
20.446475
20.406622
20.352097
20.443521
20.415473
20.418424
20.340322
20.368297
20.325609
20.418424
20.514500
20.425804
20.548572
20.567848
20.437614
20.596044
20.514500
20.473074
20.603469
20.387453
20.468639
20.481946
20.446475
20.391875
20.449429
20.416949
20.539680
20.517461
20.405147
20.372716
20.315315
20.569332
20.332965
20.436137
20.385979
20.425804
20.550055
20.496739
20.368297
20.688242
20.449429
20.683774
20.616837
20.437614
20.551537
20.573782
20.578233
20.461249
20.378610
20.541162
20.428756
20.355042
20.309434
20.397773
20.478989
20.434661
20.396298
20.428756
20.526347
20.455339
20.545608
20.467161
20.443521
20.557467
20.440567
20.377136
20.422852
20.579717
20.459772
20.548572
20.449429
20.505618
20.400722
20.456816
20.561916
20.442044
20.428756
20.455339
20.558950
20.564882
20.530790
20.447952
20.570815
20.521904
20.464205
20.483425
20.597529
20.514500
20.670374
20.473074
20.434661
20.400722
20.530790
20.536717
20.553020
20.545608
20.529309
20.554502
20.706120
20.567848
20.431708
20.561916
20.484904
20.447952
20.437614
20.582685
20.576749
20.561916
20.544126
20.430232
20.541162
20.515980
20.369770
20.508578
20.627240
20.505618
20.384505
20.547090
20.439091
20.360932
20.462727
20.473074
20.648055
20.538198
20.473074
20.437614
20.462727
20.458294
20.607924
20.424328
20.518942
20.524866
20.499698
20.461249
20.560433
20.544126
20.533753
20.515980
20.576749
20.507098
20.523385
20.518942
20.501178
20.572299
20.564882
20.449429
20.493780
20.624267
20.541162
20.473074
20.459772
20.544126
20.613866
20.459772
20.671863
20.529309
20.487862
20.578233
20.490821
20.579717
20.455339
20.685263
20.604954
20.523385
20.538198
20.476031
20.553020
20.514500
20.403672
20.431708
20.456816
20.486383
20.621295
20.434661
20.502658
20.381557
20.474553
20.446475
20.453861
20.393350
20.810629
20.413998
20.415473
20.436137
20.473074
20.517461
20.402197
20.646568
20.450907
20.515980
20.453861
20.477510
20.526347
20.413998
20.526347
20.606439
20.402197
20.555985
20.554502
20.436137
20.631699
20.521904
20.399248
20.561916
20.374189
20.440567
20.433184
20.380084
20.442044
20.375663
20.670374
20.570815
20.570815
20.443521
20.481946
20.560433
20.527828
20.369770
20.486383
20.591590
20.400722
20.539680
20.431708
20.493780
20.572299
20.527828
20.413998
20.533753
20.452384
20.550055
20.655493
20.434661
20.532272
20.570815
20.544126
20.539680
20.533753
20.604954
20.456816
20.499698
20.433184
20.353570
20.446475
20.526347
20.403672
20.524866
20.464205
20.393350
20.490821
20.465683
20.603469
20.710591
20.390401
20.461249
20.529309
20.480467
20.355042
20.588622
20.419900
20.600499
20.527828
20.529309
20.630212
20.507098
20.496739
20.489342
20.547090
20.676329
20.502658
20.450907
20.505618
20.612380
20.523385
20.478989
20.409572
20.422852
20.527828
20.478989
20.444998
20.596044
20.347681
20.495259
20.380084
20.471596
20.517461
20.505618
20.394824
20.384505
20.639132
20.419900
20.468639
20.515980
20.478989
20.405147
20.517461
20.442044
20.380084
20.450907
20.380084
20.496739
20.621295
20.442044
20.560433
20.437614
20.502658
20.527828
20.558950
20.648055
20.561916
20.621295
20.431708
20.477510
20.338850
20.431708
20.637646
20.455339
20.508578
20.459772
20.557467
20.467161
20.581201
20.443521
20.567848
20.612380
20.481946
20.526347
20.459772
20.533753
20.526347
20.560433
20.561916
20.418424
20.624267
20.446475
20.518942
20.564882
20.492300
20.313845
20.439091
20.591590
20.393350
20.408097
20.461249
20.499698
20.558950
20.804647
20.406622
20.539680
20.402197
20.403672
20.630212
20.473074
20.526347
20.618323
20.458294
20.588622
20.603469
20.579717
20.446475
20.555985
20.539680
20.515980
20.464205
20.521904
20.380084
20.446475
20.584169
20.584169
20.505618
20.415473
20.428756
20.662933
20.553020
20.461249
20.735942
20.553020
20.427280
20.504138
20.544126
20.430232
20.496739
20.394824
20.529309
20.492300
20.505618
20.545608
20.428756
20.481946
20.368297
20.496739
20.430232
20.515980
20.444998
20.612380
